89
91
94
97
99
102
104
107
109
112
114
116
119
121
123
125
127
129
131
133
135
137
138
140
141
143
145
146
147
149
150
151
152
153
154
155
156
157
158
159
159
160
160
161
161
161
162
162
162
162
162
162
161
161
161
160
160
159
158
157
156
155
154
153
151
150
148
147
145
143
141
139
136
134
132
129
126
123
120
117
114
110
107
103
99
95
91
87
83
79
74
70
65
60
56
51
46
41
36
31
27
22
17
11
6
1
0
0
0
0
1
1
2
3
3
4
5
5
6
7
8
8
9
10
11
12
13
14
15
16
18
19
20
21
22
24
25
26
28
29
31
32
34
35
36
38
40
41
42
44
45
47
49
50
52
53
55
56
58
59
61
62
64
65
67
68
69
71
72
74
75
76
78
79
80
81
83
84
85
86
87
88
89
90
91
91
92
93
93
94
95
95
96
96
96
96
97
97
97
97
97
97
97
97
96
96
96
95
95
94
93
93
92
91
90
89
88
87
86
85
83
82
81
79
78
76
75
73
71
69
67
65
63
61
59
57
55
53
50
48
45
43
41
38
36
33
30
28
25
22
20
17
15
12
9
7
4
1
0
0
0
0
1
1
2
2
3
4
5
5
6
7
8
9
10
11
13
14
15
16
18
19
21
22
24
25
27
29
30
32
34
35
37
39
41
43
45
46
48
50
52
54
56
58
59
61
63
65
67
68
70
72
73
75
77
78
79
81
82
83
85
86
87
88
89
89
90
90
91
91
91
92
91
91
91
90
90
89
88
86
85
83
82
80
77
75
72
70
67
64
61
57
54
50
46
43
39
35
31
27
22
18
14
9
5
1
0
0
0
0
1
2
2
2
3
3
4
4
5
5
5
6
6
6
7
7
8
8
9
10
10
11
12
13
14
15
16
17
18
20
21
23
24
26
28
30
32
33
35
38
40
42
44
47
49
52
54
57
60
62
65
68
70
73
76
78
81
84
86
89
92
94
97
99
102
105
107
109
112
114
116
119
121
123
125
127
129
132
133
135
137
139
141
143
144
146
148
149
151
152
153
155
156
157
159
160
161
162
163
164
165
166
166
167
168
169
169
170
170
171
171
171
172
172
172
172
172
172
172
172
172
172
172
171
171
170
170
169
169
168
167
166
165
164
163
161
160
159
157
155
154
152
150
148
145
143
141
138
135
132
129
126
123
120
116
113
109
105
101
97
92
88
84
79
75
70
65
60
55
50
45
39
34
29
24
18
13
8
2
0
0
0
0
1
2
3
3
4
5
6
7
8
8
9
11
12
13
14
15
17
18
19
21
22
24
25
27
29
31
32
34
36
38
40
42
44
46
48
50
52
54
56
58
60
62
64
67
69
71
73
75
78
80
82
84
87
89
91
93
95
98
100
102
105
107
109
111
114
116
118
121
123
125
127
129
131
133
136
138
139
142
143
145
147
149
150
152
154
155
157
158
160
161
162
164
165
166
167
168
169
170
171
172
172
173
174
174
175
175
175
175
175
175
175
175
175
174
174
173
172
172
171
169
168
167
165
164
162
160
158
156
154
151
149
146
143
140
136
133
129
126
122
118
113
109
104
99
94
89
84
79
73
67
62
56
50
44
38
32
25
19
13
6
1
0
0
0
0
1
2
3
3
4
5
6
7
7
8
9
10
11
12
13
14
15
16
17
18
20
21
22
24
25
26
28
29
31
32
34
36
37
39
41
43
44
46
48
50
52
53
55
57
59
61
63
65
67
69
71
73
75
77
79
81
83
85
87
88
90
92
94
96
98
99
101
103
105
106
108
110
111
112
114
115
117
118
119
120
121
122
123
124
125
126
126
127
127
128
128
128
129
129
129
129
129
129
129
128
128
128
127
127
126
125
124
124
123
122
120
119
118
117
115
114
112
111
109
107
105
103
101
98
96
93
91
88
85
82
79
76
73
69
66
62
59
55
51
47
43
39
35
31
26
22
18
13
8
4
0
0
0
0
0
1
2
2
3
3
4
5
5
6
6
7
8
9
10
11
12
13
14
15
17
18
19
21
23
24
26
28
30
32
34
36
38
41
43
45
48
50
53
56
58
61
64
66
69
72
75
78
81
84
86
89
92
95
98
100
103
106
109
111
114
117
119
122
124
126
129
131
133
135
137
139
141
143
144
146
147
149
150
151
152
153
153
154
155
155
155
155
155
155
155
154
154
153
152
151
150
148
147
145
143
141
139
137
134
132
129
126
123
120
117
114
110
107
103
99
95
91
87
82
78
73
68
64
59
54
49
44
39
34
28
23
18
12
7
1
0
0
0
0
1
2
3
3
4
5
6
7
8
9
10
12
13
14
16
17
19
20
22
24
26
28
30
32
34
36
38
40
42
44
47
49
51
54
56
58
61
63
65
68
70
72
75
77
79
81
83
85
87
89
91
93
94
96
97
98
100
101
102
103
104
104
104
105
105
105
104
104
103
102
101
100
98
97
95
93
90
88
85
82
79
75
71
67
63
59
55
50
46
41
37
32
27
22
17
11
6
1
0
0
0
0
1
2
3
3
3
4
5
5
6
6
7
8
9
9
10
11
12
13
14
15
17
18
19
20
22
23
25
26
28
30
31
33
35
37
39
41
43
45
47
50
52
54
57
59
61
64
66
69
71
74
76
79
81
84
86
89
91
93
96
98
101
103
106
108
111
113
116
118
120
122
125
127
129
131
133
135
137
139
140
142
144
145
147
148
150
151
152
154
155
156
157
158
159
159
160
161
161
162
162
162
163
163
163
163
163
162
162
162
161
161
160
160
159
158
157
156
155
153
152
150
149
147
145
143
141
138
136
133
130
127
124
121
118
114
110
107
103
98
94
90
85
81
76
71
66
61
56
51
46
40
35
30
24
19
13
8
2
0
0
0
0
1
2
3
4
4
5
7
8
9
10
11
13
14
16
18
19
21
23
25
27
29
31
33
35
37
40
42
44
47
49
51
54
56
59
61
64
67
69
72
74
77
79
82
84
87
89
92
94
97
99
102
104
106
109
111
113
115
118
120
122
124
126
128
130
132
134
136
137
139
141
142
144
146
147
148
150
151
152
154
155
156
157
158
159
160
160
161
162
162
163
164
164
164
165
165
165
165
166
166
166
166
166
166
166
165
165
165
164
164
164
163
163
162
162
161
160
160
159
158
157
156
155
154
153
151
150
148
147
145
143
141
139
137
135
132
130
127
124
121
118
114
111
107
103
99
94
90
85
80
75
70
65
59
54
48
42
37
31
25
19
13
7
1
0
0
0
0
1
1
2
2
3
4
4
5
6
6
7
8
8
9
10
11
12
13
15
16
17
18
20
21
22
24
25
27
29
30
32
34
36
38
39
41
43
45
47
49
51
53
56
58
60
62
64
66
68
70
72
74
76
78
80
81
83
85
87
88
90
92
93
95
97
98
100
101
103
104
105
107
108
109
110
111
113
114
115
116
117
118
119
120
120
121
122
123
123
124
125
125
126
126
127
127
127
128
128
128
128
128
128
128
127
127
127
126
125
125
124
123
122
120
119
118
116
114
113
111
108
106
104
101
98
96
93
90
87
83
80
77
73
69
65
62
58
54
50
46
42
37
33
29
25
21
17
13
9
4
1
0
0
0
0
1
2
3
4
5
6
7
9
10
11
13
15
17
18
20
22
24
26
29
31
33
35
38
40
43
45
48
50
53
56
58
61
64
66
69
71
74
77
79
82
84
86
89
91
93
96
98
100
102
104
106
107
109
110
112
113
114
115
116
117
117
118
118
118
118
118
117
117
116
115
114
113
111
109
107
105
103
100
98
95
92
88
85
81
77
73
69
65
60
56
51
46
42
37
32
27
22
17
12
7
2
0
0
0
0
1
1
2
3
4
5
6
7
8
9
10
11
13
14
16
18
19
21
23
25
27
29
31
33
35
38
40
42
45
47
50
52
55
57
60
62
65
68
70
73
76
78
81
83
86
88
91
93
96
98
101
103
105
108
110
112
115
117
119
121
123
125
127
129
131
133
135
137
139
141
142
144
146
147
149
150
152
153
155
156
157
158
160
161
162
163
164
164
165
166
167
167
168
168
169
169
169
170
170
170
170
170
170
170
170
169
169
168
168
167
167
166
165
164
163
162
161
160
158
157
155
153
152
150
148
146
143
141
139
136
133
131
128
125
122
118
115
112
108
104
100
96
92
88
84
80
75
71
66
61
57
52
47
42
37
32
27
22
17
12
7
1
0
0
0
0
1
2
3
3
4
5
6
7
8
9
11
12
13
15
16
17
19
21
22
24
26
28
30
31
33
36
38
40
42
44
46
49
51
53
56
58
60
63
65
67
70
72
75
77
80
82
84
87
89
91
94
96
98
100
102
105
107
109
111
113
115
117
119
121
123
125
127
129
131
132
134
136
137
139
140
142
143
145
146
148
149
150
151
152
153
154
155
156
157
158
159
159
160
160
161
161
162
162
162
162
162
162
162
162
162
161
161
160
160
159
158
157
156
155
154
152
151
149
148
146
144
142
140
138
136
133
131
128
125
122
119
116
113
110
107
103
100
96
92
88
84
80
76
72
68
63
59
54
50
45
41
36
31
26
22
17
12
7
2
0
0
0
0
1
1
3
3
4
5
6
7
8
9
10
11
12
13
15
16
17
19
20
22
23
25
27
29
30
32
34
36
38
40
42
44
46
49
51
53
56
58
60
63
65
68
70
73
75
78
81
83
86
88
91
93
96
98
101
103
106
108
110
113
115
117
119
121
124
126
128
130
131
133
135
137
138
140
141
143
144
146
147
148
149
150
151
152
153
153
154
155
155
156
156
156
157
157
157
157
157
156
156
156
155
155
154
153
152
152
151
150
148
147
146
145
143
142
140
138
136
134
132
130
128
126
123
121
118
115
112
109
106
103
100
97
93
90
86
82
79
75
71
67
63
58
54
50
45
41
37
32
27
23
18
14
9
4
0
0
0
0
0
1
2
2
3
3
4
5
6
6
7
8
9
10
10
11
13
14
15
16
17
19
20
22
23
25
27
28
30
32
34
36
38
40
42
44
47
49
51
54
56
58
61
64
66
69
71
74
76
79
82
84
87
89
91
94
96
99
101
103
106
108
110
112
114
117
119
121
122
124
126
128
130
131
133
134
136
137
138
140
141
142
143
144
145
145
146
147
147
148
148
148
148
149
149
148
148
148
148
147
147
146
145
144
143
142
141
139
138
136
134
132
130
128
125
123
120
117
114
111
108
104
101
97
93
89
85
81
77
72
68
63
58
53
49
44
39
34
29
24
19
13
8
3
0
0
0
0
0
1
2
3
3
4
5
6
7
8
9
10
12
13
15
16
18
19
21
23
25
27
29
31
33
35
37
40
42
44
47
49
52
54
57
59
62
65
67
70
73
75
78
80
83
86
88
91
93
96
98
100
102
105
107
109
110
112
114
115
116
117
118
119
119
120
120
119
118
118
116
115
113
110
108
105
102
98
94
90
86
81
76
71
66
60
55
49
43
37
31
25
18
12
6
0
0
0
0
0
1
2
3
3
4
5
6
7
7
8
9
10
11
12
13
14
16
17
18
19
21
22
24
25
27
28
30
32
33
35
37
39
41
43
45
46
48
50
52
54
56
58
60
62
64
66
68
70
72
74
76
78
79
81
83
84
86
87
89
90
92
93
94
95
96
97
98
99
100
101
102
102
103
104
104
105
105
105
106
106
106
106
106
106
106
106
106
106
106
105
105
105
104
104
104
103
103
102
102
101
101
100
100
99
98
98
97
96
96
95
94
94
93
93
92
91
91
90
89
89
88
88
87
86
86
85
85
84
84
83
82
82
81
81
80
80
79
79
78
78
77
77
76
76
75
75
74
74
73
73
72
71
71
70
70
69
68
68
67
66
66
65
64
64
63
62
62
61
60
59
59
58
57
57
56
56
55
55
54
54
53
53
53
53
53
53
54
54
54
55
56
57
58
59
60
62
63
65
67
68
71
73
75
77
80
82
85
88
90
93
96
99
102
104
107
110
113
116
119
122
125
128
130
133
136
138
141
144
146
149
151
154
156
158
161
163
165
167
169
171
173
174
176
178
180
181
183
184
185
186
187
188
189
190
190
191
192
192
192
193
193
193
193
192
192
192
191
191
190
189
188
187
186
185
184
182
181
179
177
175
173
170
168
165
162
159
156
153
149
146
142
138
134
130
126
121
117
112
107
102
97
91
86
81
75
69
64
58
52
46
40
34
28
22
16
9
3
0
0
0
0
1
2
3
3
4
4
6
6
7
8
9
10
11
12
13
14
16
17
18
19
21
22
24
25
27
29
30
32
34
36
38
40
42
44
47
49
51
54
56
58
61
64
66
69
71
74
76
79
81
84
86
89
91
94
96
98
101
103
105
107
110
112
114
115
117
119
121
123
124
126
127
129
130
131
132
133
134
135
136
137
137
138
138
139
139
139
139
139
139
139
139
139
139
138
138
137
137
136
135
135
134
133
132
131
130
128
127
126
124
123
121
119
117
116
114
112
110
107
105
102
100
97
94
92
89
86
83
79
76
73
69
65
62
58
54
50
46
42
38
34
30
26
22
18
14
10
6
2
0
0
0
0
1
1
2
3
4
6
7
9
10
12
14
16
18
21
23
25
28
31
33
36
39
42
45
48
51
54
57
60
64
67
70
73
77
80
83
86
89
92
95
98
101
104
107
109
112
114
117
119
121
123
125
127
128
129
130
131
132
133
133
133
133
132
132
131
130
128
126
124
122
120
117
114
111
108
104
100
96
92
88
84
79
74
70
65
60
54
49
44
39
33
28
22
17
11
6
1
0
0
0
0
1
2
3
3
4
5
6
7
8
9
10
11
13
14
15
17
18
20
21
23
24
26
28
30
32
34
36
38
40
43
45
48
50
53
55
58
61
64
66
69
72
75
78
81
84
87
90
93
96
98
101
104
107
110
113
115
118
120
123
126
128
130
133
135
137
139
142
144
146
148
149
151
153
155
156
158
159
161
162
163
165
166
167
168
169
170
171
172
173
173
174
175
175
176
176
177
177
177
178
178
178
178
178
178
178
178
177
177
177
176
176
175
175
174
173
172
171
170
169
168
167
165
164
162
160
158
156
154
151
149
146
143
140
137
134
130
127
123
119
115
110
106
101
96
91
86
81
75
70
64
58
52
46
40
34
28
21
15
9
2
0
0
0
0
1
2
3
3
4
5
6
7
7
8
9
10
11
12
13
14
15
16
18
19
20
22
23
25
27
29
31
32
35
37
39
41
44
46
49
51
54
57
60
63
65
68
72
75
78
81
84
87
90
93
96
99
102
105
108
111
114
117
120
122
125
128
130
133
136
138
141
143
145
148
150
152
154
156
158
160
162
164
166
167
169
170
172
173
175
176
177
179
180
181
181
182
183
183
184
184
185
185
185
185
185
185
185
185
185
185
185
184
184
184
183
183
182
181
180
179
178
177
175
174
172
170
168
166
164
161
159
157
154
151
148
145
142
139
135
132
128
124
120
116
111
107
102
97
93
88
83
78
72
67
61
56
50
45
39
33
27
21
16
9
3
0
0
0
0
1
1
2
3
3
4
5
6
7
7
8
9
10
11
12
13
15
16
18
19
20
22
24
25
27
29
31
33
35
37
40
42
44
47
49
52
54
57
60
63
65
68
71
74
77
80
83
86
88
91
94
97
100
103
105
108
111
114
116
119
122
124
127
130
132
135
137
139
142
144
146
148
150
152
154
156
158
160
162
163
165
166
168
169
171
172
173
174
176
177
178
179
179
180
181
182
182
183
183
183
183
184
184
184
184
184
183
183
183
183
182
182
181
181
180
179
178
177
176
175
174
172
171
169
168
166
164
162
160
158
156
154
151
149
146
144
141
138
135
132
129
126
122
119
115
112
108
104
100
96
92
88
83
79
74
70
65
60
55
50
45
40
35
30
25
20
15
10
5
0
0
0
0
0
1
2
3
3
4
5
6
7
7
8
9
11
12
13
14
16
17
18
20
21
23
25
27
29
31
33
35
37
40
42
45
47
50
53
56
59
62
65
68
72
75
78
82
85
89
92
96
100
103
107
111
114
118
122
125
129
132
136
139
143
146
150
153
156
160
163
166
169
172
175
178
181
183
185
187
189
191
193
195
197
198
200
201
202
203
204
205
205
206
206
206
206
205
205
204
204
203
202
200
199
197
196
194
192
190
188
186
184
182
180
178
175
172
169
166
163
160
156
153
150
147
143
140
136
133
129
125
121
117
113
109
105
101
97
92
88
84
79
75
70
65
60
55
50
45
40
35
30
24
19
14
8
3
0
0
0
0
1
1
2
3
3
4
5
6
7
8
9
11
13
14
16
17
19
21
23
26
28
30
33
36
38
41
44
47
50
53
56
59
63
66
69
73
76
79
83
86
89
92
95
98
101
104
107
110
112
115
118
120
122
124
126
128
129
130
132
133
133
134
134
134
133
132
131
130
128
125
123
120
117
113
109
104
99
94
89
83
77
71
64
57
50
43
35
28
20
12
5
0
0
1
1
2
3
5
7
8
9
11
13
14
16
17
19
21
23
25
27
29
32
34
36
39
41
44
47
49
52
55
58
60
63
66
69
72
75
78
81
84
86
89
92
94
97
100
102
105
107
109
112
114
116
118
120
122
124
125
127
128
130
131
133
134
135
136
138
139
140
141
142
143
144
145
146
147
147
148
149
150
151
151
152
153
154
154
155
156
156
157
158
158
159
160
160
161
161
162
162
163
163
163
164
164
164
164
165
165
165
165
165
165
165
165
164
164
164
163
163
163
162
161
161
160
159
158
157
156
154
153
151
150
148
146
144
142
140
138
135
132
129
126
123
120
116
113
109
105
101
96
92
88
83
78
73
68
63
58
53
48
43
37
32
27
21
16
11
5
1
0
0
0
0
1
2
3
3
4
5
6
7
8
10
11
12
14
16
17
19
21
22
24
26
28
31
33
35
37
40
42
45
47
50
52
55
57
60
63
66
68
71
74
77
79
82
85
87
90
93
95
98
100
103
105
108
110
112
115
117
119
121
124
126
128
130
132
134
135
137
139
141
142
144
145
147
148
149
151
152
153
154
155
156
157
158
159
159
160
161
161
161
162
162
162
163
163
163
163
163
162
162
162
162
161
161
161
160
160
159
159
158
158
157
156
155
155
154
153
152
151
150
149
148
147
146
145
144
142
141
140
138
137
135
134
132
130
128
126
124
122
120
118
115
113
110
107
104
101
98
95
92
88
85
81
77
74
70
65
61
57
53
49
45
40
36
31
27
22
18
13
8
4
0
0
0
0
1
1
2
2
2
3
3
4
5
5
6
6
7
8
8
9
10
11
12
13
14
16
17
18
19
21
23
24
26
28
30
32
34
36
38
41
43
45
48
50
53
55
58
60
63
65
68
70
73
76
78
81
83
86
88
90
92
95
97
99
101
104
106
108
110
111
113
115
117
118
120
121
123
124
125
126
127
128
129
130
131
132
132
133
133
134
134
134
134
134
134
134
134
134
134
133
133
132
132
131
130
129
129
128
127
126
124
123
122
121
119
118
116
114
113
111
109
107
105
103
101
98
96
93
91
88
85
83
80
77
74
71
68
64
61
58
54
51
47
44
40
36
33
29
25
22
18
14
10
7
3
0
0
0
0
1
1
2
2
2
3
4
5
5
6
7
8
9
10
11
12
14
15
17
18
20
21
23
25
27
29
31
33
36
38
40
43
46
48
51
53
56
59
62
64
67
70
73
76
78
81
84
86
89
91
94
96
98
101
103
105
107
109
111
113
115
117
118
120
121
122
123
124
125
126
126
127
127
127
126
126
125
124
123
122
120
118
116
114
111
109
106
102
98
95
91
86
82
78
73
68
63
57
52
47
41
36
30
24
19
13
7
2
0
0
1
1
1
3
4
4
5
6
7
9
10
11
13
14
16
17
19
21
23
25
27
29
32
34
36
39
41
44
47
50
52
55
58
61
64
67
70
73
76
79
82
85
88
90
93
96
99
102
104
107
110
112
115
117
119
122
124
126
128
130
132
134
136
138
139
141
142
144
145
147
148
149
151
152
153
154
155
156
157
158
159
159
160
161
161
162
162
163
163
164
164
164
165
165
165
165
165
165
165
165
165
164
164
164
163
163
162
161
160
160
159
158
156
155
154
152
151
149
148
146
144
142
139
137
134
132
129
126
123
120
117
113
110
106
102
98
94
90
86
82
77
73
68
64
59
54
49
44
39
34
29
24
19
14
9
4
0
0
1
1
1
2
3
4
4
5
6
7
8
8
9
11
12
13
14
15
17
18
20
21
23
25
27
29
31
33
35
38
40
43
45
48
50
53
56
59
61
64
67
70
73
76
79
82
85
88
91
94
97
100
103
106
109
112
115
118
120
123
126
129
131
134
137
139
142
144
147
149
151
154
156
159
161
163
165
167
169
171
173
175
177
178
180
181
182
183
184
185
186
186
187
188
188
189
189
189
190
190
190
189
189
189
188
188
187
186
185
184
183
182
180
178
176
174
172
169
166
163
160
157
154
150
146
143
139
135
131
126
122
117
112
108
103
97
92
87
81
76
70
64
58
52
46
40
34
28
22
16
10
4
0
0
0
0
1
1
2
2
3
3
4
5
5
6
6
7
8
8
9
10
11
12
13
14
16
17
18
20
21
23
25
27
29
31
33
35
38
40
43
46
48
51
54
57
60
64
67
70
74
77
80
84
87
90
94
97
101
104
108
111
114
118
121
124
127
131
134
137
140
143
146
149
151
154
157
159
162
164
167
169
171
174
176
178
180
182
183
185
186
187
189
190
191
192
193
193
194
195
195
196
196
196
196
196
196
196
195
195
194
193
193
192
191
190
189
187
186
185
184
182
180
178
176
174
171
169
166
163
161
158
155
151
148
145
141
137
134
130
126
121
117
113
108
103
98
93
88
83
78
73
67
62
56
51
45
39
33
28
22
16
10
4
0
0
0
0
0
1
2
2
3
3
4
5
6
6
7
8
9
9
10
11
13
14
15
16
18
19
21
22
24
26
28
30
32
34
36
38
41
43
46
48
51
54
56
59
62
65
68
71
74
78
81
84
87
91
94
98
101
105
108
112
115
119
122
126
130
133
137
140
144
147
151
154
158
161
165
168
172
175
178
182
185
187
190
193
196
198
201
204
207
209
212
214
216
218
220
222
224
226
227
229
230
232
233
234
235
236
237
238
238
239
239
240
240
240
240
240
240
239
239
238
237
236
235
234
232
231
229
227
225
222
220
217
214
211
208
204
200
196
191
187
183
179
173
167
162
156
150
145
139
132
126
119
113
106
99
92
85
77
70
62
55
47
39
32
24
17
9
1
0
0
0
1
1
3
4
5
5
7
8
9
10
11
12
14
15
16
18
19
21
23
25
26
29
31
33
35
37
40
42
45
47
50
53
55
58
61
64
67
70
73
76
78
81
84
86
89
91
93
96
97
99
101
102
104
105
105
106
106
106
105
104
103
102
100
98
95
92
89
85
81
77
72
67
62
56
50
44
38
32
25
19
12
6
0
0
74
78
82
85
89
93
97
101
105
109
113
117
121
125
129
132
136
140
144
147
151
155
158
162
165
169
172
175
179
182
185
188
191
194
197
199
202
205
207
210
212
215
217
219
221
223
226
227
229
231
233
235
236
238
239
240
242
243
244
245
246
247
248
248
249
250
250
251
251
251
252
252
252
252
252
252
251
251
251
250
250
249
249
248
247
246
246
245
244
243
241
240
239
238
236
235
233
232
230
228
227
225
223
221
219
217
214
212
210
208
205
202
200
197
194
191
188
186
183
180
177
173
170
166
163
160
156
152
149
145
141
137
133
129
125
121
117
113
108
104
99
95
90
86
81
77
72
67
62
57
52
47
42
37
31
26
21
16
10
5
0
0
0
0
0
0
1
2
2
2
2
3
3
3
3
3
4
4
3
4
4
4
4
4
4
4
4
4
4
4
4
4
4
4
4
5
5
5
6
6
7
7
7
8
9
9
10
11
11
12
13
14
15
16
17
18
19
20
21
22
23
24
26
27
28
30
31
32
34
35
36
38
39
41
42
44
45
46
48
49
51
52
54
55
56
58
59
61
62
63
65
66
68
69
70
72
73
74
75
77
78
79
80
81
82
83
84
85
86
87
88
89
90
91
92
93
93
94
95
95
96
97
97
98
99
99
100
100
100
101
101
102
102
102
102
103
103
103
103
103
103
103
103
103
103
103
103
103
103
103
102
102
102
101
101
101
100
100
100
99
99
98
98
97
96
96
95
94
94
93
92
92
91
90
89
88
87
87
86
85
84
83
82
81
80
79
78
77
75
74
73
72
71
69
68
67
65
64
63
62
60
59
57
56
55
53
52
51
49
48
46
45
43
42
41
39
38
36
35
33
32
30
29
27
25
24
22
21
19
18
16
15
13
11
10
8
6
5
3
1
0
0
0
0
0
0
0
0
0
0
1
1
1
1
1
1
1
1
1
0
0
0
0
0
0
0
0
0
0
0
0
1
1
1
1
2
2
3
3
4
4
5
6
7
8
9
10
11
12
13
14
16
17
18
20
21
23
24
26
28
29
31
33
35
36
38
40
42
44
45
47
49
51
53
54
56
58
60
61
63
65
67
68
70
72
73
75
77
78
80
81
83
84
85
87
88
89
91
92
93
94
96
97
98
99
100
101
102
103
104
105
106
106
107
108
109
109
110
111
111
112
113
113
114
114
115
115
115
116
116
116
117
117
117
117
117
118
118
118
118
118
118
118
118
118
118
118
117
117
117
117
117
117
116
116
116
115
115
115
115
114
114
113
113
113
112
112
111
111
110
110
109
109
108
108
107
107
106
106
105
104
104
103
103
102
101
101
100
99
98
98
97
96
95
95
94
93
92
91
91
90
89
88
87
86
85
84
83
82
81
80
79
78
76
75
74
72
71
70
68
67
65
64
62
61
59
57
55
54
52
50
48
46
44
42
40
38
35
33
31
28
26
24
21
19
16
14
11
9
6
3
1
0
0
0
0
0
0
1
1
1
1
2
2
2
2
3
3
3
4
4
4
5
5
6
6
7
8
8
9
10
11
11
12
13
14
15
17
18
19
20
21
23
24
26
27
29
30
32
34
35
37
39
41
42
44
46
48
50
52
54
56
58
60
62
64
66
68
70
71
73
75
77
79
81
83
85
86
88
90
92
93
95
97
98
100
101
103
104
106
107
109
110
111
113
114
115
116
118
119
120
121
122
123
124
125
126
127
128
129
129
130
131
132
132
133
134
134
135
135
136
136
137
137
138
138
139
139
139
140
140
140
140
141
141
141
141
141
141
141
141
141
141
141
141
141
141
141
141
141
141
141
140
140
140
140
139
139
139
138
138
138
137
137
136
136
136
135
135
134
134
133
133
132
132
131
130
130
129
128
128
127
126
125
125
124
123
122
122
121
120
119
118
117
116
115
114
113
112
111
110
108
107
106
105
104
102
101
100
98
97
95
94
92
91
89
88
86
85
83
81
80
78
76
74
72
70
68
66
64
62
60
58
56
54
51
49
47
44
42
40
37
35
32
30
27
24
22
19
17
14
11
8
6
3
0
0
0
0
0
0
0
1
1
1
1
2
2
2
3
3
4
4
4
5
6
6
7
8
9
10
11
12
14
15
16
18
19
21
23
25
27
29
31
33
36
38
40
43
45
48
51
53
56
59
62
65
68
70
73
76
79
82
85
88
91
94
97
100
103
106
109
112
115
118
121
124
127
130
133
136
139
142
145
148
150
153
156
159
162
165
168
171
173
176
179
182
184
187
189
191
194
196
199
201
204
206
208
211
213
215
217
219
221
223
225
227
229
230
232
234
236
237
239
241
242
244
245
247
248
250
251
252
254
255
256
257
259
260
261
262
263
264
265
265
266
267
268
269
269
270
271
271
272
272
273
273
273
274
274
275
275
275
275
275
275
275
275
275
275
275
275
275
275
274
274
274
273
273
273
272
272
271
270
270
269
268
268
267
266
265
264
263
262
261
260
258
257
256
254
253
251
249
248
246
244
242
240
237
235
233
230
227
224
221
218
215
212
208
204
200
196
191
187
183
179
174
169
164
158
153
147
142
136
130
124
118
112
106
99
92
86
80
73
66
58
51
44
37
30
23
16
8
1
0
0
0
0
1
3
4
4
4
5
6
7
7
7
8
9
9
9
10
10
11
11
11
12
12
13
13
14
14
15
15
16
17
17
18
19
20
20
21
22
23
24
25
26
28
29
30
31
32
34
35
36
38
39
41
42
43
45
46
48
49
50
52
53
55
56
58
59
61
62
63
65
66
68
69
70
72
73
74
75
77
78
79
80
81
82
83
85
86
87
88
89
90
90
91
92
93
94
95
96
96
97
98
99
99
100
101
101
102
102
103
104
104
105
105
105
106
106
107
107
107
108
108
108
109
109
109
109
110
110
110
110
110
110
111
111
111
111
111
111
111
111
111
111
111
111
111
111
111
111
111
111
111
111
111
111
111
111
111
111
111
110
110
110
110
110
110
110
109
109
109
109
109
108
108
108
107
107
107
107
106
106
106
105
105
105
104
104
103
103
103
102
102
102
101
101
101
100
100
99
99
98
98
98
97
97
96
96
95
95
94
94
93
92
92
91
91
90
89
88
88
87
86
85
84
83
82
81
80
78
77
76
74
73
71
69
68
66
64
62
60
58
56
54
51
49
47
44
41
39
36
33
31
28
25
22
19
16
13
10
7
4
1
0
0
0
0
0
1
2
2
2
3
4
5
5
6
7
8
9
10
11
12
13
14
15
17
18
19
21
22
24
26
27
29
31
32
34
36
38
40
41
43
45
47
49
51
53
55
57
59
61
63
65
67
69
71
73
75
76
78
80
82
84
85
87
89
90
92
93
95
97
98
100
101
103
104
105
107
108
109
110
112
113
114
115
116
117
118
119
120
121
122
123
123
124
125
126
126
127
128
128
129
129
130
131
131
131
132
132
133
133
133
134
134
134
135
135
135
135
136
136
136
136
136
136
136
137
137
137
137
137
137
137
137
137
137
137
137
136
136
136
136
136
136
136
136
136
135
135
135
135
135
135
134
134
134
134
134
133
133
133
133
133
132
132
132
132
131
131
131
131
130
130
130
129
129
129
128
128
127
127
126
126
126
125
125
124
124
123
122
122
121
120
120
119
118
118
117
116
115
114
113
112
111
110
109
108
107
106
104
103
102
100
99
98
96
94
93
91
89
88
86
84
82
80
78
76
74
72
70
67
65
62
60
58
55
52
50
47
44
42
39
36
33
30
27
24
21
18
15
12
9
6
3
0
0
0
0
0
0
1
1
1
1
2
2
3
3
3
4
4
5
5
6
6
7
7
8
8
9
10
11
11
12
13
14
15
16
18
19
20
21
23
24
25
27
28
30
32
33
35
37
38
40
42
44
46
47
49
51
53
55
57
59
61
62
64
66
68
70
72
74
75
77
79
81
82
84
86
87
89
91
92
94
95
97
98
100
101
103
104
105
107
108
109
110
112
113
114
115
116
117
118
119
120
121
122
123
124
125
126
126
127
128
128
129
130
130
131
131
132
132
133
133
134
134
135
135
135
136
136
136
137
137
137
137
137
138
138
138
138
138
138
138
138
138
138
138
138
138
138
138
138
138
138
138
138
138
138
138
138
138
138
138
138
137
137
137
137
137
137
137
137
137
136
136
136
136
136
136
135
135
135
135
134
134
134
133
133
133
132
132
131
131
130
130
129
129
128
128
127
126
125
125
124
123
122
121
120
119
118
117
116
115
114
113
111
110
109
107
106
105
103
102
100
98
97
95
93
92
90
88
86
84
82
80
78
76
73
71
69
66
64
62
59
56
54
51
48
45
43
40
37
34
31
28
24
21
18
15
11
8
5
1
0
0
0
0
0
0
1
1
1
2
3
3
3
4
4
5
6
6
7
7
8
9
10
11
12
13
14
15
16
17
19
20
21
23
24
26
27
29
31
33
35
37
39
41
43
45
47
50
52
55
57
60
63
65
68
71
74
77
80
83
87
90
93
96
99
102
106
109
112
116
119
122
126
129
132
136
139
142
145
148
151
154
158
161
164
167
170
173
176
179
182
184
187
190
192
195
197
200
202
205
208
210
212
215
217
219
221
223
225
228
230
232
234
235
237
239
241
243
244
246
248
249
251
252
254
255
256
258
259
260
261
262
264
265
265
266
267
268
269
270
271
271
272
272
273
273
274
274
274
275
275
275
275
275
275
276
275
275
275
275
275
275
275
274
274
274
273
273
272
272
271
271
270
269
269
268
267
266
266
265
264
263
262
261
260
258
257
256
255
253
252
250
249
247
246
244
242
240
238
236
234
232
230
228
225
223
220
217
215
212
209
206
202
199
195
191
187
184
180
176
172
167
162
157
152
147
141
136
130
124
118
112
106
99
93
86
80
73
66
58
51
44
37
29
22
15
7
0
0
0
0
0
1
3
4
4
5
6
8
8
9
10
11
12
12
13
14
15
16
17
18
19
20
21
22
23
24
25
26
27
28
29
31
32
33
34
36
37
38
40
41
43
44
46
47
49
50
52
54
55
57
59
61
63
64
66
68
70
72
74
76
78
80
81
83
85
87
89
91
93
94
96
98
100
102
103
105
107
108
110
112
113
115
116
118
119
121
122
123
125
126
127
128
130
131
132
133
134
135
136
137
138
139
140
141
141
142
143
144
144
145
146
146
147
147
148
148
149
149
150
150
151
151
152
152
152
152
153
153
153
153
154
154
154
154
154
155
155
155
155
155
155
155
155
155
155
155
155
155
155
155
155
154
154
154
154
154
153
153
153
153
152
152
152
151
151
150
150
150
149
149
148
147
147
146
146
145
144
144
143
142
142
141
140
139
138
138
137
136
135
134
133
132
131
130
129
128
127
126
124
123
122
121
120
118
117
116
114
113
111
110
108
107
105
104
102
100
98
97
95
93
91
89
87
85
83
81
79
76
74
72
69
67
64
62
59
56
54
51
48
45
42
39
36
33
30
27
24
20
17
14
11
8
4
1
0
0
0
0
0
1
2
2
2
3
4
5
5
6
7
8
9
9
10
11
12
13
14
15
17
18
19
20
21
23
24
25
27
28
29
31
32
34
35
37
38
40
42
43
45
46
48
50
51
53
55
56
58
60
61
63
65
66
68
69
71
73
74
76
77
79
81
82
84
85
87
88
90
91
93
94
96
97
99
100
101
103
104
106
107
108
110
111
112
113
115
116
117
118
120
121
122
123
124
125
126
127
128
129
130
131
132
132
133
134
135
135
136
137
138
138
139
139
140
140
141
141
142
142
143
143
143
144
144
144
144
145
145
145
145
145
145
145
145
145
145
145
145
145
145
145
144
144
144
144
143
143
143
142
142
142
141
141
140
140
139
139
138
138
137
137
136
136
135
135
134
133
133
132
131
131
130
129
129
128
127
126
125
125
124
123
122
121
120
120
119
118
117
116
115
114
113
112
110
109
108
107
106
104
103
102
100
99
97
96
94
93
91
89
88
86
84
82
80
78
76
74
72
70
67
65
63
60
58
55
52
50
47
44
41
38
35
32
29
26
23
19
16
13
9
6
2
0
0
0
0
0
0
1
1
1
1
2
2
2
2
2
3
3
3
3
3
3
3
4
4
4
4
5
5
6
6
7
7
8
8
9
10
11
12
13
14
15
16
17
19
20
21
23
24
26
28
29
31
33
34
36
38
40
42
44
46
48
50
51
53
55
57
59
61
63
65
67
69
71
72
74
76
78
80
81
83
85
86
88
89
91
92
94
95
97
98
100
101
102
104
105
106
108
109
110
111
112
113
114
115
116
117
118
119
120
121
122
122
123
124
125
125
126
127
127
128
128
129
129
130
130
131
131
131
132
132
132
133
133
133
133
133
134
134
134
134
134
134
134
134
134
134
133
133
133
133
133
133
132
132
132
131
131
131
130
130
130
129
129
128
128
127
127
126
126
125
125
124
123
123
122
121
121
120
119
118
118
117
116
115
114
113
112
111
110
109
108
107
106
105
104
103
102
100
99
98
96
95
93
92
90
89
87
86
84
82
81
79
77
75
73
71
69
67
65
63
60
58
56
54
51
49
46
44
41
38
36
33
30
27
24
22
19
16
13
9
6
3
0
0
0
0
0
0
1
1
1
1
2
2
3
3
3
4
4
4
5
5
6
7
7
8
9
10
11
12
13
15
16
17
19
20
22
24
26
28
30
32
34
36
39
41
44
46
49
51
54
57
59
62
65
68
71
74
77
80
83
85
88
91
94
97
100
103
106
109
112
115
118
121
124
127
130
133
136
139
141
144
147
150
153
155
158
161
164
167
169
172
175
177
180
183
185
187
190
192
194
196
199
201
203
205
207
210
212
213
215
217
219
221
222
224
226
227
229
230
232
233
235
236
237
239
240
241
242
243
244
245
246
247
249
249
250
251
252
253
253
254
255
255
256
257
257
258
258
258
259
259
259
260
260
260
260
261
260
261
260
260
260
260
260
260
260
259
259
258
258
258
257
257
256
255
255
254
253
252
251
250
250
249
247
246
245
244
243
241
240
238
237
235
233
232
230
228
226
224
221
219
217
214
212
209
206
203
199
196
192
189
186
182
179
175
170
165
161
156
151
146
141
136
131
125
119
114
108
101
95
89
82
76
69
62
55
48
41
33
26
19
12
4
0
0
0
0
1
2
4
4
5
6
7
8
9
10
11
12
13
13
14
15
16
17
18
19
20
21
22
24
25
26
27
28
30
31
32
34
35
36
38
39
41
42
44
46
47
49
51
52
54
56
57
59
61
63
64
66
68
69
71
73
74
76
77
79
80
82
83
85
86
88
89
90
92
93
94
95
97
98
99
100
101
102
104
105
106
107
108
108
109
110
111
112
113
114
115
115
116
117
118
118
119
120
120
121
122
122
123
123
124
124
125
126
126
127
127
128
128
128
129
129
130
130
131
131
131
132
132
132
133
133
133
134
134
134
134
135
135
135
135
136
136
136
136
137
137
137
137
138
138
138
138
139
139
139
139
140
140
140
140
141
141
141
141
142
142
142
142
143
143
143
143
144
144
144
145
145
145
145
145
146
146
146
146
146
147
147
147
147
147
147
147
147
147
147
147
147
147
146
146
146
145
145
145
144
144
143
143
142
141
141
140
139
138
137
136
135
133
132
131
129
128
126
124
122
121
119
117
114
112
110
107
105
102
99
96
93
90
87
84
81
77
74
70
66
63
59
55
50
46
42
38
33
29
24
20
15
11
6
1
0
0
0
0
0
1
2
2
3
3
4
5
6
6
7
8
9
10
11
12
13
14
15
16
18
19
20
22
23
25
27
28
30
32
33
35
37
39
41
43
45
47
50
52
54
56
58
61
63
65
67
70
72
74
76
79
81
83
85
87
89
91
93
95
97
99
101
103
105
107
109
111
113
114
116
118
119
121
122
124
126
127
128
130
131
132
134
135
136
137
139
140
141
142
143
144
145
146
146
147
148
149
150
150
151
152
152
153
153
154
154
155
155
156
156
156
157
157
157
157
158
158
158
158
158
158
158
158
158
158
158
158
158
158
158
158
157
157
157
157
157
156
156
156
156
155
155
155
154
154
154
153
153
153
152
152
152
151
151
150
150
149
149
149
148
148
147
147
146
146
145
145
144
143
143
142
142
141
140
140
139
138
138
137
136
135
135
134
133
132
131
130
129
128
127
126
125
124
123
122
121
119
118
117
115
114
113
111
109
108
106
104
102
100
98
96
94
92
90
88
85
83
80
78
75
72
69
66
63
60
57
54
50
47
43
40
36
33
29
25
21
18
14
10
5
2
0
0
0
0
0
1
1
1
1
2
2
3
3
3
3
4
4
4
5
5
5
6
6
6
7
7
8
8
9
9
10
10
11
12
12
13
13
14
15
16
16
17
18
19
20
20
21
22
23
24
25
26
27
28
29
30
31
32
33
34
35
36
37
38
39
40
42
43
44
45
46
47
49
50
51
52
53
55
56
57
58
59
61
62
63
64
65
66
68
69
70
71
72
73
74
75
76
77
78
79
80
81
82
83
84
84
85
86
87
87
88
89
89
90
90
91
91
92
92
93
93
93
94
94
94
95
95
95
95
95
96
96
96
96
96
96
96
96
96
96
96
96
96
95
95
95
95
95
95
95
94
94
94
94
93
93
93
92
92
92
92
91
91
90
90
90
89
89
89
88
88
87
87
86
86
85
85
84
84
83
83
82
82
81
81
80
79
79
78
78
77
76
76
75
75
74
73
73
72
71
71
70
69
68
68
67
66
65
65
64
63
62
61
61
60
59
58
57
56
55
54
53
52
51
50
49
48
47
45
44
43
42
40
39
38
36
35
33
32
30
29
27
26
24
22
21
19
17
16
14
12
10
8
6
4
2
1
0
0
0
0
0
1
1
1
1
1
2
2
2
2
2
2
2
2
2
2
2
2
2
3
3
3
3
3
3
4
4
5
6
6
7
8
9
10
11
13
15
17
18
20
23
25
27
30
33
36
38
42
45
48
51
55
58
62
65
69
72
76
80
83
87
90
94
98
101
105
109
112
116
119
123
126
130
133
136
140
143
146
150
153
156
159
162
165
168
171
174
178
181
183
186
189
191
194
197
199
202
205
208
210
213
215
217
220
222
224
226
229
231
233
235
237
239
241
243
244
246
248
250
251
253
255
256
258
259
260
262
263
264
265
267
268
269
270
271
272
273
274
274
275
276
277
277
278
278
279
279
280
280
280
281
281
281
281
281
281
281
281
281
281
280
280
280
279
279
279
278
277
277
276
275
274
273
272
271
270
269
268
267
265
264
263
261
260
258
256
255
253
251
249
247
245
243
241
239
236
234
232
229
227
224
221
219
216
213
210
207
204
200
196
192
189
185
182
178
174
170
165
160
156
151
146
142
137
132
126
121
116
110
104
99
93
87
81
75
68
62
55
49
43
36
29
23
16
9
2
0
0
0
0
1
2
3
4
4
5
7
8
8
9
10
11
12
12
13
14
15
16
17
18
19
21
22
23
24
25
27
28
29
30
32
33
35
36
37
39
40
42
43
45
46
48
49
51
52
54
55
57
58
60
61
63
64
66
67
68
70
71
72
74
75
76
77
79
80
81
82
83
84
85
86
87
88
89
90
91
92
93
94
94
95
96
97
97
98
99
100
100
101
101
102
103
103
104
104
105
105
105
106
106
106
107
107
107
107
108
108
108
108
108
108
108
108
108
108
108
108
108
108
108
108
108
108
107
107
107
107
107
106
106
106
106
105
105
105
104
104
104
103
103
103
102
102
101
101
101
100
100
99
99
98
98
98
97
97
96
96
95
95
94
94
93
93
92
92
91
91
90
90
89
89
88
88
87
86
86
85
85
84
84
83
82
82
81
81
80
79
79
78
77
77
76
75
75
74
73
72
71
71
70
69
68
67
66
65
64
63
62
61
60
59
57
56
55
53
52
51
49
48
46
45
43
41
40
38
36
34
32
31
28
26
24
22
20
18
16
13
11
9
6
4
1
0
0
0
0
0
0
0
0
0
1
1
1
2
2
2
3
3
3
4
4
5
6
6
7
8
9
10
11
12
13
15
16
18
19
21
22
24
26
28
30
32
34
36
38
40
43
45
47
49
52
54
56
59
61
63
66
68
70
73
75
77
79
81
84
86
88
90
92
94
96
98
100
101
103
105
107
108
110
111
113
114
116
117
118
120
121
122
123
124
125
126
127
128
129
130
131
132
133
133
134
135
136
136
137
137
138
138
139
139
140
140
140
141
141
141
142
142
142
142
143
143
143
143
143
143
143
143
143
143
143
143
142
142
142
142
142
141
141
141
141
140
140
139
139
139
138
138
137
137
136
136
135
135
135
134
133
133
132
132
131
131
130
129
129
128
128
127
126
126
125
125
124
123
123
122
121
121
120
119
119
118
117
116
116
115
114
114
113
112
111
111
110
109
108
107
107
106
105
104
103
102
101
100
99
98
97
96
95
94
93
92
90
89
88
87
85
84
83
81
80
78
76
75
73
71
69
67
66
63
61
59
57
55
53
50
48
45
43
40
37
35
32
29
26
23
20
17
14
11
8
4
1
0
0
0
0
0
0
1
1
1
2
2
2
3
3
3
3
4
4
4
5
5
6
6
6
7
7
8
8
9
9
10
10
11
12
13
13
14
15
16
17
18
19
20
21
22
23
25
26
27
29
30
31
33
34
36
37
39
40
42
43
45
46
48
50
51
53
54
56
57
59
60
62
63
65
66
68
69
71
72
74
75
77
78
79
81
82
83
84
86
87
88
89
91
92
93
94
95
96
97
98
100
101
102
103
104
104
105
106
107
108
109
109
110
111
112
112
113
114
114
115
115
116
117
117
118
118
119
119
119
120
120
120
121
121
121
122
122
122
122
123
123
123
123
123
124
124
124
124
124
124
124
124
124
124
124
124
124
124
123
123
123
123
123
123
122
122
122
121
121
121
120
120
119
119
118
118
117
117
116
116
115
114
114
113
112
111
110
109
109
108
107
106
105
104
102
101
100
99
98
96
95
94
92
91
89
88
86
85
83
81
80
78
76
74
72
70
68
66
64
61
59
57
54
52
49
47
44
42
39
36
33
30
27
24
21
18
15
12
9
5
2
0
0
0
0
0
0
0
1
1
1
1
1
1
1
1
2
2
2
2
2
2
2
3
3
3
4
4
4
5
6
6
7
8
9
10
11
12
13
14
16
17
19
20
22
24
25
27
29
31
33
35
38
40
42
44
47
49
51
54
56
59
61
64
66
69
71
74
76
79
81
84
87
89
92
94
97
100
102
105
107
110
113
115
118
120
123
125
128
130
133
135
138
140
142
144
147
149
151
153
156
158
160
162
164
166
168
170
172
174
176
178
180
181
183
185
186
188
190
191
193
194
196
198
199
201
202
204
206
207
209
210
212
213
214
216
217
218
220
221
222
223
225
226
227
228
229
230
231
232
233
234
235
236
237
238
239
240
241
241
242
243
243
244
245
245
246
246
247
247
248
248
248
249
249
249
249
249
249
249
249
249
249
249
249
249
248
248
247
247
247
246
245
245
244
243
242
241
240
239
238
236
235
234
232
230
229
227
225
223
220
218
216
213
211
208
205
202
198
194
190
187
183
180
176
171
166
161
156
151
146
141
135
130
124
118
112
106
100
93
87
80
74
67
59
52
45
38
30
23
16
8
1
0
0
0
0
2
3
4
5
5
6
8
9
9
10
10
11
12
13
13
14
15
16
17
18
19
19
20
21
22
23
24
25
26
27
29
30
31
32
34
35
36
38
39
41
42
44
45
47
48
50
52
53
55
57
58
60
61
63
65
66
68
70
71
73
74
76
77
79
81
82
83
85
86
88
89
91
92
93
95
96
97
98
100
101
102
103
104
105
107
108
109
110
111
112
112
113
114
115
116
117
117
118
119
120
120
121
122
122
123
124
124
125
125
126
126
127
127
128
128
129
129
129
130
130
131
131
131
132
132
132
132
133
133
133
133
134
134
134
134
135
135
135
135
135
136
136
136
136
136
136
136
137
137
137
137
137
137
137
137
137
137
137
137
137
137
137
137
137
137
137
137
137
137
136
136
136
136
135
135
135
135
134
134
133
133
133
132
132
131
131
130
130
129
128
128
127
126
126
125
124
123
123
122
121
120
119
119
118
117
116
115
114
113
112
111
110
109
108
107
106
105
104
102
101
100
99
97
96
95
93
92
91
89
88
86
84
83
81
79
78
76
74
72
69
67
65
63
60
58
55
53
50
47
45
42
39
36
33
30
26
23
20
17
13
10
6
3
0
0
0
0
0
0
1
1
1
2
2
3
3
3
4
4
5
5
6
6
7
7
8
9
9
10
11
12
12
13
14
15
16
17
18
19
20
21
22
23
25
26
27
29
31
32
33
35
37
39
40
42
44
46
48
49
51
53
55
57
59
61
63
65
67
69
71
73
75
77
79
81
83
85
87
89
91
93
94
96
98
100
102
103
105
107
108
110
111
113
114
116
117
119
120
121
122
124
125
126
127
128
130
131
132
133
134
134
135
136
137
138
138
139
140
140
141
141
142
142
143
143
144
144
144
144
145
145
145
145
145
145
145
145
145
145
145
145
144
144
144
143
143
143
142
142
141
141
140
140
139
138
138
137
136
135
135
134
133
132
131
130
129
128
127
126
125
124
123
122
121
120
119
118
116
115
114
113
111
110
109
107
106
105
103
102
100
99
97
96
94
92
91
89
87
86
84
82
80
78
76
74
72
70
68
66
64
61
59
57
54
52
49
46
44
41
38
35
32
29
26
23
20
17
13
10
6
3
0
0
0
0
0
0
0
1
1
1
1
1
1
1
1
1
2
2
2
2
2
2
2
2
3
3
3
4
4
4
5
5
6
6
7
7
8
9
10
10
11
12
13
14
15
16
17
18
19
21
22
23
24
26
27
28
30
31
33
34
36
37
39
41
42
44
46
48
49
51
53
55
57
59
61
63
64
66
68
70
72
74
76
78
80
81
83
85
87
88
90
92
94
95
97
99
100
102
104
105
107
108
110
111
113
114
115
117
118
119
120
122
123
124
125
126
127
128
129
131
131
132
133
134
135
136
137
138
138
139
140
140
141
142
142
143
143
144
144
145
145
146
146
146
147
147
147
147
147
147
148
148
148
148
148
148
147
147
147
147
147
146
146
146
145
145
145
144
144
143
143
142
142
141
140
140
139
138
138
137
136
135
134
133
133
132
131
130
129
128
127
125
124
123
122
121
120
118
117
116
115
113
112
111
109
108
106
105
103
101
100
98
96
95
93
91
89
87
85
83
80
78
76
73
70
68
65
62
59
56
53
49
46
43
39
35
32
28
24
20
16
12
8
4
0
0
0
0
0
0
1
1
1
2
2
3
3
3
4
4
5
5
6
6
7
8
9
10
10
11
13
14
15
16
17
18
20
21
22
24
25
27
28
30
32
33
35
37
39
40
42
44
46
47
49
51
53
55
56
58
60
62
