74
78
82
85
89
93
97
101
105
109
113
117
121
125
129
132
136
140
144
147
151
155
158
162
165
169
172
175
179
182
185
188
191
194
197
199
202
205
207
210
212
215
217
219
221
223
226
227
229
231
233
235
236
238
239
240
242
243
244
245
246
247
248
248
249
250
250
251
251
251
252
252
252
252
252
252
251
251
251
250
250
249
249
248
247
246
246
245
244
243
241
240
239
238
236
235
233
232
230
228
227
225
223
221
219
217
214
212
210
208
205
202
200
197
194
191
188
186
183
180
177
173
170
166
163
160
156
152
149
145
141
137
133
129
125
121
117
113
108
104
99
95
90
86
81
77
72
67
62
57
52
47
42
37
31
26
21
16
10
5
0
0
0
0
0
0
1
2
2
2
2
3
3
3
3
3
4
4
3
4
4
4
4
4
4
4
4
4
4
4
4
4
4
4
4
5
5
5
6
6
7
7
7
8
9
9
10
11
11
12
13
14
15
16
17
18
19
20
21
22
23
24
26
27
28
30
31
32
34
35
36
38
39
41
42
44
45
46
48
49
51
52
54
55
56
58
59
61
62
63
65
66
68
69
70
72
73
74
75
77
78
79
80
81
82
83
84
85
86
87
88
89
90
91
92
93
93
94
95
95
96
97
97
98
99
99
100
100
100
101
101
102
102
102
102
103
103
103
103
103
103
103
103
103
103
103
103
103
103
103
102
102
102
101
101
101
100
100
100
99
99
98
98
97
96
96
95
94
94
93
92
92
91
90
89
88
87
87
86
85
84
83
82
81
80
79
78
77
75
74
73
72
71
69
68
67
65
64
63
62
60
59
57
56
55
53
52
51
49
48
46
45
43
42
41
39
38
36
35
33
32
30
29
27
25
24
22
21
19
18
16
15
13
11
10
8
6
5
3
1
0
0
0
0
0
0
0
0
0
0
1
1
1
1
1
1
1
1
1
0
0
0
0
0
0
0
0
0
0
0
0
1
1
1
1
2
2
3
3
4
4
5
6
7
8
9
10
11
12
13
14
16
17
18
20
21
23
24
26
28
29
31
33
35
36
38
40
42
44
45
47
49
51
53
54
56
58
60
61
63
65
67
68
70
72
73
75
77
78
80
81
83
84
85
87
88
89
91
92
93
94
96
97
98
99
100
101
102
103
104
105
106
106
107
108
109
109
110
111
111
112
113
113
114
114
115
115
115
116
116
116
117
117
117
117
117
118
118
118
118
118
118
118
118
118
118
118
117
117
117
117
117
117
116
116
116
115
115
115
115
114
114
113
113
113
112
112
111
111
110
110
109
109
108
108
107
107
106
106
105
104
104
103
103
102
101
101
100
99
98
98
97
96
95
95
94
93
92
91
91
90
89
88
87
86
85
84
83
82
81
80
79
78
76
75
74
72
71
70
68
67
65
64
62
61
59
57
55
54
52
50
48
46
44
42
40
38
35
33
31
28
26
24
21
19
16
14
11
9
6
3
1
0
0
0
0
0
0
1
1
1
1
2
2
2
2
3
3
3
4
4
4
5
5
6
6
7
8
8
9
10
11
11
12
13
14
15
17
18
19
20
21
23
24
26
27
29
30
32
34
35
37
39
41
42
44
46
48
50
52
54
56
58
60
62
64
66
68
70
71
73
75
77
79
81
83
85
86
88
90
92
93
95
97
98
100
101
103
104
106
107
109
110
111
113
114
115
116
118
119
120
121
122
123
124
125
126
127
128
129
129
130
131
132
132
133
134
134
135
135
136
136
137
137
138
138
139
139
139
140
140
140
140
141
141
141
141
141
141
141
141
141
141
141
141
141
141
141
141
141
141
141
140
140
140
140
139
139
139
138
138
138
137
137
136
136
136
135
135
134
134
133
133
132
132
131
130
130
129
128
128
127
126
125
125
124
123
122
122
121
120
119
118
117
116
115
114
113
112
111
110
108
107
106
105
104
102
101
100
98
97
95
94
92
91
89
88
86
85
83
81
80
78
76
74
72
70
68
66
64
62
60
58
56
54
51
49
47
44
42
40
37
35
32
30
27
24
22
19
17
14
11
8
6
3
0
0
0
0
0
0
0
1
1
1
1
2
2
2
3
3
4
4
4
5
6
6
7
8
9
10
11
12
14
15
16
18
19
21
23
25
27
29
31
33
36
38
40
43
45
48
51
53
56
59
62
65
68
70
73
76
79
82
85
88
91
94
97
100
103
106
109
112
115
118
121
124
127
130
133
136
139
142
145
148
150
153
156
159
162
165
168
171
173
176
179
182
184
187
189
191
194
196
199
201
204
206
208
211
213
215
217
219
221
223
225
227
229
230
232
234
236
237
239
241
242
244
245
247
248
250
251
252
254
255
256
257
259
260
261
262
263
264
265
265
266
267
268
269
269
270
271
271
272
272
273
273
273
274
274
275
275
275
275
275
275
275
275
275
275
275
275
275
275
274
274
274
273
273
273
272
272
271
270
270
269
268
268
267
266
265
264
263
262
261
260
258
257
256
254
253
251
249
248
246
244
242
240
237
235
233
230
227
224
221
218
215
212
208
204
200
196
191
187
183
179
174
169
164
158
153
147
142
136
130
124
118
112
106
99
92
86
80
73
66
58
51
44
37
30
23
16
8
1
0
0
0
0
1
3
4
4
4
5
6
7
7
7
8
9
9
9
10
10
11
11
11
12
12
13
13
14
14
15
15
16
17
17
18
19
20
20
21
22
23
24
25
26
28
29
30
31
32
34
35
36
38
39
41
42
43
45
46
48
49
50
52
53
55
56
58
59
61
62
63
65
66
68
69
70
72
73
74
75
77
78
79
80
81
82
83
85
86
87
88
89
90
90
91
92
93
94
95
96
96
97
98
99
99
100
101
101
102
102
103
104
104
105
105
105
106
106
107
107
107
108
108
108
109
109
109
109
110
110
110
110
110
110
111
111
111
111
111
111
111
111
111
111
111
111
111
111
111
111
111
111
111
111
111
111
111
111
111
111
111
110
110
110
110
110
110
110
109
109
109
109
109
108
108
108
107
107
107
107
106
106
106
105
105
105
104
104
103
103
103
102
102
102
101
101
101
100
100
99
99
98
98
98
97
97
96
96
95
95
94
94
93
92
92
91
91
90
89
88
88
87
86
85
84
83
82
81
80
78
77
76
74
73
71
69
68
66
64
62
60
58
56
54
51
49
47
44
41
39
36
33
31
28
25
22
19
16
13
10
7
4
1
0
0
0
0
0
1
2
2
2
3
4
5
5
6
7
8
9
10
11
12
13
14
15
17
18
19
21
22
24
26
27
29
31
32
34
36
38
40
41
43
45
47
49
51
53
55
57
59
61
63
65
67
69
71
73
75
76
78
80
82
84
85
87
89
90
92
93
95
97
98
100
101
103
104
105
107
108
109
110
112
113
114
115
116
117
118
119
120
121
122
123
123
124
125
126
126
127
128
128
129
129
130
131
131
131
132
132
133
133
133
134
134
134
135
135
135
135
136
136
136
136
136
136
136
137
137
137
137
137
137
137
137
137
137
137
137
136
136
136
136
136
136
136
136
136
135
135
135
135
135
135
134
134
134
134
134
133
133
133
133
133
132
132
132
132
131
131
131
131
130
130
130
129
129
129
128
128
127
127
126
126
126
125
125
124
124
123
122
122
121
120
120
119
118
118
117
116
115
114
113
112
111
110
109
108
107
106
104
103
102
100
99
98
96
94
93
91
89
88
86
84
82
80
78
76
74
72
70
67
65
62
60
58
55
52
50
47
44
42
39
36
33
30
27
24
21
18
15
12
9
6
3
0
0
0
0
0
0
1
1
1
1
2
2
3
3
3
4
4
5
5
6
6
7
7
8
8
9
10
11
11
12
13
14
15
16
18
19
20
21
23
24
25
27
28
30
32
33
35
37
38
40
42
44
46
47
49
51
53
55
57
59
61
62
64
66
68
70
72
74
75
77
79
81
82
84
86
87
89
91
92
94
95
97
98
100
101
103
104
105
107
108
109
110
112
113
114
115
116
117
118
119
120
121
122
123
124
125
126
126
127
128
128
129
130
130
131
131
132
132
133
133
134
134
135
135
135
136
136
136
137
137
137
137
137
138
138
138
138
138
138
138
138
138
138
138
138
138
138
138
138
138
138
138
138
138
138
138
138
138
138
138
138
137
137
137
137
137
137
137
137
137
136
136
136
136
136
136
135
135
135
135
134
134
134
133
133
133
132
132
131
131
130
130
129
129
128
128
127
126
125
125
124
123
122
121
120
119
118
117
116
115
114
113
111
110
109
107
106
105
103
102
100
98
97
95
93
92
90
88
86
84
82
80
78
76
73
71
69
66
64
62
59
56
54
51
48
45
43
40
37
34
31
28
24
21
18
15
11
8
5
1
0
0
0
0
0
0
1
1
1
2
3
3
3
4
4
5
6
6
7
7
8
9
10
11
12
13
14
15
16
17
19
20
21
23
24
26
27
29
31
33
35
37
39
41
43
45
47
50
52
55
57
60
63
65
68
71
74
77
80
83
87
90
93
96
99
102
106
109
112
116
119
122
126
129
132
136
139
142
145
148
151
154
158
161
164
167
170
173
176
179
182
184
187
190
192
195
197
200
202
205
208
210
212
215
217
219
221
223
225
228
230
232
234
235
237
239
241
243
244
246
248
249
251
252
254
255
256
258
259
260
261
262
264
265
265
266
267
268
269
270
271
271
272
272
273
273
274
274
274
275
275
275
275
275
275
276
275
275
275
275
275
275
275
274
274
274
273
273
272
272
271
271
270
269
269
268
267
266
266
265
264
263
262
261
260
258
257
256
255
253
252
250
249
247
246
244
242
240
238
236
234
232
230
228
225
223
220
217
215
212
209
206
202
199
195
191
187
184
180
176
172
167
162
157
152
147
141
136
130
124
118
112
106
99
93
86
80
73
66
58
51
44
37
29
22
15
7
0
0
0
0
0
1
3
4
4
5
6
8
8
9
10
11
12
12
13
14
15
16
17
18
19
20
21
22
23
24
25
26
27
28
29
31
32
33
34
36
37
38
40
41
43
44
46
47
49
50
52
54
55
57
59
61
63
64
66
68
70
72
74
76
78
80
81
83
85
87
89
91
93
94
96
98
100
102
103
105
107
108
110
112
113
115
116
118
119
121
122
123
125
126
127
128
130
131
132
133
134
135
136
137
138
139
140
141
141
142
143
144
144
145
146
146
147
147
148
148
149
149
150
150
151
151
152
152
152
152
153
153
153
153
154
154
154
154
154
155
155
155
155
155
155
155
155
155
155
155
155
155
155
155
155
154
154
154
154
154
153
153
153
153
152
152
152
151
151
150
150
150
149
149
148
147
147
146
146
145
144
144
143
142
142
141
140
139
138
138
137
136
135
134
133
132
131
130
129
128
127
126
124
123
122
121
120
118
117
116
114
113
111
110
108
107
105
104
102
100
98
97
95
93
91
89
87
85
83
81
79
76
74
72
69
67
64
62
59
56
54
51
48
45
42
39
36
33
30
27
24
20
17
14
11
8
4
1
0
0
0
0
0
1
2
2
2
3
4
5
5
6
7
8
9
9
10
11
12
13
14
15
17
18
19
20
21
23
24
25
27
28
29
31
32
34
35
37
38
40
42
43
45
46
48
50
51
53
55
56
58
60
61
63
65
66
68
69
71
73
74
76
77
79
81
82
84
85
87
88
90
91
93
94
96
97
99
100
101
103
104
106
107
108
110
111
112
113
115
116
117
118
120
121
122
123
124
125
126
127
128
129
130
131
132
132
133
134
135
135
136
137
138
138
139
139
140
140
141
141
142
142
143
143
143
144
144
144
144
145
145
145
145
145
145
145
145
145
145
145
145
145
145
145
144
144
144
144
143
143
143
142
142
142
141
141
140
140
139
139
138
138
137
137
136
136
135
135
134
133
133
132
131
131
130
129
129
128
127
126
125
125
124
123
122
121
120
120
119
118
117
116
115
114
113
112
110
109
108
107
106
104
103
102
100
99
97
96
94
93
91
89
88
86
84
82
80
78
76
74
72
70
67
65
63
60
58
55
52
50
47
44
41
38
35
32
29
26
23
19
16
13
9
6
2
0
0
0
0
0
0
1
1
1
1
2
2
2
2
2
3
3
3
3
3
3
3
4
4
4
4
5
5
6
6
7
7
8
8
9
10
11
12
13
14
15
16
17
19
20
21
23
24
26
28
29
31
33
34
36
38
40
42
44
46
48
50
51
53
55
57
59
61
63
65
67
69
71
72
74
76
78
80
81
83
85
86
88
89
91
92
94
95
97
98
100
101
102
104
105
106
108
109
110
111
112
113
114
115
116
117
118
119
120
121
122
122
123
124
125
125
126
127
127
128
128
129
129
130
130
131
131
131
132
132
132
133
133
133
133
133
134
134
134
134
134
134
134
134
134
134
133
133
133
133
133
133
132
132
132
131
131
131
130
130
130
129
129
128
128
127
127
126
126
125
125
124
123
123
122
121
121
120
119
118
118
117
116
115
114
113
112
111
110
109
108
107
106
105
104
103
102
100
99
98
96
95
93
92
90
89
87
86
84
82
81
79
77
75
73
71
69
67
65
63
60
58
56
54
51
49
46
44
41
38
36
33
30
27
24
22
19
16
13
9
6
3
0
0
0
0
0
0
1
1
1
1
2
2
3
3
3
4
4
4
5
5
6
7
7
8
9
10
11
12
13
15
16
17
19
20
22
24
26
28
30
32
34
36
39
41
44
46
49
51
54
57
59
62
65
68
71
74
77
80
83
85
88
91
94
97
100
103
106
109
112
115
118
121
124
127
130
133
136
139
141
144
147
150
153
155
158
161
164
167
169
172
175
177
180
183
185
187
190
192
194
196
199
201
203
205
207
210
212
213
215
217
219
221
222
224
226
227
229
230
232
233
235
236
237
239
240
241
242
243
244
245
246
247
249
249
250
251
252
253
253
254
255
255
256
257
257
258
258
258
259
259
259
260
260
260
260
261
260
261
260
260
260
260
260
260
260
259
259
258
258
258
257
257
256
255
255
254
253
252
251
250
250
249
247
246
245
244
243
241
240
238
237
235
233
232
230
228
226
224
221
219
217
214
212
209
206
203
199
196
192
189
186
182
179
175
170
165
161
156
151
146
141
136
131
125
119
114
108
101
95
89
82
76
69
62
55
48
41
33
26
19
12
4
0
0
0
0
1
2
4
4
5
6
7
8
9
10
11
12
13
13
14
15
16
17
18
19
20
21
22
24
25
26
27
28
30
31
32
34
35
36
38
39
41
42
44
46
47
49
51
52
54
56
57
59
61
63
64
66
68
69
71
73
74
76
77
79
80
82
83
85
86
88
89
90
92
93
94
95
97
98
99
100
101
102
104
105
106
107
108
108
109
110
111
112
113
114
115
115
116
117
118
118
119
120
120
121
122
122
123
123
124
124
125
126
126
127
127
128
128
128
129
129
130
130
131
131
131
132
132
132
133
133
133
134
134
134
134
135
135
135
135
136
136
136
136
137
137
137
137
138
138
138
138
139
139
139
139
140
140
140
140
141
141
141
141
142
142
142
142
143
143
143
143
144
144
144
145
145
145
145
145
146
146
146
146
146
147
147
147
147
147
147
147
147
147
147
147
147
147
146
146
146
145
145
145
144
144
143
143
142
141
141
140
139
138
137
136
135
133
132
131
129
128
126
124
122
121
119
117
114
112
110
107
105
102
99
96
93
90
87
84
81
77
74
70
66
63
59
55
50
46
42
38
33
29
24
20
15
11
6
1
0
0
0
0
0
1
2
2
3
3
4
5
6
6
7
8
9
10
11
12
13
14
15
16
18
19
20
22
23
25
27
28
30
32
33
35
37
39
41
43
45
47
50
52
54
56
58
61
63
65
67
70
72
74
76
79
81
83
85
87
89
91
93
95
97
99
101
103
105
107
109
111
113
114
116
118
119
121
122
124
126
127
128
130
131
132
134
135
136
137
139
140
141
142
143
144
145
146
146
147
148
149
150
150
151
152
152
153
153
154
154
155
155
156
156
156
157
157
157
157
158
158
158
158
158
158
158
158
158
158
158
158
158
158
158
158
157
157
157
157
157
156
156
156
156
155
155
155
154
154
154
153
153
153
152
152
152
151
151
150
150
149
149
149
148
148
147
147
146
146
145
145
144
143
143
142
142
141
140
140
139
138
138
137
136
135
135
134
133
132
131
130
129
128
127
126
125
124
123
122
121
119
118
117
115
114
113
111
109
108
106
104
102
100
98
96
94
92
90
88
85
83
80
78
75
72
69
66
63
60
57
54
50
47
43
40
36
33
29
25
21
18
14
10
5
2
0
0
0
0
0
1
1
1
1
2
2
3
3
3
3
4
4
4
5
5
5
6
6
6
7
7
8
8
9
9
10
10
11
12
12
13
13
14
15
16
16
17
18
19
20
20
21
22
23
24
25
26
27
28
29
30
31
32
33
34
35
36
37
38
39
40
42
43
44
45
46
47
49
50
51
52
53
55
56
57
58
59
61
62
63
64
65
66
68
69
70
71
72
73
74
75
76
77
78
79
80
81
82
83
84
84
85
86
87
87
88
89
89
90
90
91
91
92
92
93
93
93
94
94
94
95
95
95
95
95
96
96
96
96
96
96
96
96
96
96
96
96
96
95
95
95
95
95
95
95
94
94
94
94
93
93
93
92
92
92
92
91
91
90
90
90
89
89
89
88
88
87
87
86
86
85
85
84
84
83
83
82
82
81
81
80
79
79
78
78
77
76
76
75
75
74
73
73
72
71
71
70
69
68
68
67
66
65
65
64
63
62
61
61
60
59
58
57
56
55
54
53
52
51
50
49
48
47
45
44
43
42
40
39
38
36
35
33
32
30
29
27
26
24
22
21
19
17
16
14
12
10
8
6
4
2
1
0
0
0
0
0
1
1
1
1
1
2
2
2
2
2
2
2
2
2
2
2
2
2
3
3
3
3
3
3
4
4
5
6
6
7
8
9
10
11
13
15
17
18
20
23
25
27
30
33
36
38
42
45
48
51
55
58
62
65
69
72
76
80
83
87
90
94
98
101
105
109
112
116
119
123
126
130
133
136
140
143
146
150
153
156
159
162
165
168
171
174
178
181
183
186
189
191
194
197
199
202
205
208
210
213
215
217
220
222
224
226
229
231
233
235
237
239
241
243
244
246
248
250
251
253
255
256
258
259
260
262
263
264
265
267
268
269
270
271
272
273
274
274
275
276
277
277
278
278
279
279
280
280
280
281
281
281
281
281
281
281
281
281
281
280
280
280
279
279
279
278
277
277
276
275
274
273
272
271
270
269
268
267
265
264
263
261
260
258
256
255
253
251
249
247
245
243
241
239
236
234
232
229
227
224
221
219
216
213
210
207
204
200
196
192
189
185
182
178
174
170
165
160
156
151
146
142
137
132
126
121
116
110
104
99
93
87
81
75
68
62
55
49
43
36
29
23
16
9
2
0
0
0
0
1
2
3
4
4
5
7
8
8
9
10
11
12
12
13
14
15
16
17
18
19
21
22
23
24
25
27
28
29
30
32
33
35
36
37
39
40
42
43
45
46
48
49
51
52
54
55
57
58
60
61
63
64
66
67
68
70
71
72
74
75
76
77
79
80
81
82
83
84
85
86
87
88
89
90
91
92
93
94
94
95
96
97
97
98
99
100
100
101
101
102
103
103
104
104
105
105
105
106
106
106
107
107
107
107
108
108
108
108
108
108
108
108
108
108
108
108
108
108
108
108
108
108
107
107
107
107
107
106
106
106
106
105
105
105
104
104
104
103
103
103
102
102
101
101
101
100
100
99
99
98
98
98
97
97
96
96
95
95
94
94
93
93
92
92
91
91
90
90
89
89
88
88
87
86
86
85
85
84
84
83
82
82
81
81
80
79
79
78
77
77
76
75
75
74
73
72
71
71
70
69
68
67
66
65
64
63
62
61
60
59
57
56
55
53
52
51
49
48
46
45
43
41
40
38
36
34
32
31
28
26
24
22
20
18
16
13
11
9
6
4
1
0
0
0
0
0
0
0
0
0
1
1
1
2
2
2
3
3
3
4
4
5
6
6
7
8
9
10
11
12
13
15
16
18
19
21
22
24
26
28
30
32
34
36
38
40
43
45
47
49
52
54
56
59
61
63
66
68
70
73
75
77
79
81
84
86
88
90
92
94
96
98
100
101
103
105
107
108
110
111
113
114
116
117
118
120
121
122
123
124
125
126
127
128
129
130
131
132
133
133
134
135
136
136
137
137
138
138
139
139
140
140
140
141
141
141
142
142
142
142
143
143
143
143
143
143
143
143
143
143
143
143
142
142
142
142
142
141
141
141
141
140
140
139
139
139
138
138
137
137
136
136
135
135
135
134
133
133
132
132
131
131
130
129
129
128
128
127
126
126
125
125
124
123
123
122
121
121
120
119
119
118
117
116
116
115
114
114
113
112
111
111
110
109
108
107
107
106
105
104
103
102
101
100
99
98
97
96
95
94
93
92
90
89
88
87
85
84
83
81
80
78
76
75
73
71
69
67
66
63
61
59
57
55
53
50
48
45
43
40
37
35
32
29
26
23
20
17
14
11
8
4
1
0
0
0
0
0
0
1
1
1
2
2
2
3
3
3
3
4
4
4
5
5
6
6
6
7
7
8
8
9
9
10
10
11
12
13
13
14
15
16
17
18
19
20
21
22
23
25
26
27
29
30
31
33
34
36
37
39
40
42
43
45
46
48
50
51
53
54
56
57
59
60
62
63
65
66
68
69
71
72
74
75
77
78
79
81
82
83
84
86
87
88
89
91
92
93
94
95
96
97
98
100
101
102
103
104
104
105
106
107
108
109
109
110
111
112
112
113
114
114
115
115
116
117
117
118
118
119
119
119
120
120
120
121
121
121
122
122
122
122
123
123
123
123
123
124
124
124
124
124
124
124
124
124
124
124
124
124
124
123
123
123
123
123
123
122
122
122
121
121
121
120
120
119
119
118
118
117
117
116
116
115
114
114
113
112
111
110
109
109
108
107
106
105
104
102
101
100
99
98
96
95
94
92
91
89
88
86
85
83
81
80
78
76
74
72
70
68
66
64
61
59
57
54
52
49
47
44
42
39
36
33
30
27
24
21
18
15
12
9
5
2
0
0
0
0
0
0
0
1
1
1
1
1
1
1
1
2
2
2
2
2
2
2
3
3
3
4
4
4
5
6
6
7
8
9
10
11
12
13
14
16
17
19
20
22
24
25
27
29
31
33
35
38
40
42
44
47
49
51
54
56
59
61
64
66
69
71
74
76
79
81
84
87
89
92
94
97
100
102
105
107
110
113
115
118
120
123
125
128
130
133
135
138
140
142
144
147
149
151
153
156
158
160
162
164
166
168
170
172
174
176
178
180
181
183
185
186
188
190
191
193
194
196
198
199
201
202
204
206
207
209
210
212
213
214
216
217
218
220
221
222
223
225
226
227
228
229
230
231
232
233
234
235
236
237
238
239
240
241
241
242
243
243
244
245
245
246
246
247
247
248
248
248
249
249
249
249
249
249
249
249
249
249
249
249
249
248
248
247
247
247
246
245
245
244
243
242
241
240
239
238
236
235
234
232
230
229
227
225
223
220
218
216
213
211
208
205
202
198
194
190
187
183
180
176
171
166
161
156
151
146
141
135
130
124
118
112
106
100
93
87
80
74
67
59
52
45
38
30
23
16
8
1
0
0
0
0
2
3
4
5
5
6
8
9
9
10
10
11
12
13
13
14
15
16
17
18
19
19
20
21
22
23
24
25
26
27
29
30
31
32
34
35
36
38
39
41
42
44
45
47
48
50
52
53
55
57
58
60
61
63
65
66
68
70
71
73
74
76
77
79
81
82
83
85
86
88
89
91
92
93
95
96
97
98
100
101
102
103
104
105
107
108
109
110
111
112
112
113
114
115
116
117
117
118
119
120
120
121
122
122
123
124
124
125
125
126
126
127
127
128
128
129
129
129
130
130
131
131
131
132
132
132
132
133
133
133
133
134
134
134
134
135
135
135
135
135
136
136
136
136
136
136
136
137
137
137
137
137
137
137
137
137
137
137
137
137
137
137
137
137
137
137
137
137
137
136
136
136
136
135
135
135
135
134
134
133
133
133
132
132
131
131
130
130
129
128
128
127
126
126
125
124
123
123
122
121
120
119
119
118
117
116
115
114
113
112
111
110
109
108
107
106
105
104
102
101
100
99
97
96
95
93
92
91
89
88
86
84
83
81
79
78
76
74
72
69
67
65
63
60
58
55
53
50
47
45
42
39
36
33
30
26
23
20
17
13
10
6
3
0
0
0
0
0
0
1
1
1
2
2
3
3
3
4
4
5
5
6
6
7
7
8
9
9
10
11
12
12
13
14
15
16
17
18
19
20
21
22
23
25
26
27
29
31
32
33
35
37
39
40
42
44
46
48
49
51
53
55
57
59
61
63
65
67
69
71
73
75
77
79
81
83
85
87
89
91
93
94
96
98
100
102
103
105
107
108
110
111
113
114
116
117
119
120
121
122
124
125
126
127
128
130
131
132
133
134
134
135
136
137
138
138
139
140
140
141
141
142
142
143
143
144
144
144
144
145
145
145
145
145
145
145
145
145
145
145
145
144
144
144
143
143
143
142
142
141
141
140
140
139
138
138
137
136
135
135
134
133
132
131
130
129
128
127
126
125
124
123
122
121
120
119
118
116
115
114
113
111
110
109
107
106
105
103
102
100
99
97
96
94
92
91
89
87
86
84
82
80
78
76
74
72
70
68
66
64
61
59
57
54
52
49
46
44
41
38
35
32
29
26
23
20
17
13
10
6
3
0
0
0
0
0
0
0
1
1
1
1
1
1
1
1
1
2
2
2
2
2
2
2
2
3
3
3
4
4
4
5
5
6
6
7
7
8
9
10
10
11
12
13
14
15
16
17
18
19
21
22
23
24
26
27
28
30
31
33
34
36
37
39
41
42
44
46
48
49
51
53
55
57
59
61
63
64
66
68
70
72
74
76
78
80
81
83
85
87
88
90
92
94
95
97
99
100
102
104
105
107
108
110
111
113
114
115
117
118
119
120
122
123
124
125
126
127
128
129
131
131
132
133
134
135
136
137
138
138
139
140
140
141
142
142
143
143
144
144
145
145
146
146
146
147
147
147
147
147
147
148
148
148
148
148
148
147
147
147
147
147
146
146
146
145
145
145
144
144
143
143
142
142
141
140
140
139
138
138
137
136
135
134
133
133
132
131
130
129
128
127
125
124
123
122
121
120
118
117
116
115
113
112
111
109
108
106
105
103
101
100
98
96
95
93
91
89
87
85
83
80
78
76
73
70
68
65
62
59
56
53
49
46
43
39
35
32
28
24
20
16
12
8
4
0
0
0
0
0
0
1
1
1
2
2
3
3
3
4
4
5
5
6
6
7
8
9
10
10
11
13
14
15
16
17
18
20
21
22
24
25
27
28
30
32
33
35
37
39
40
42
44
46
47
49
51
53
55
56
58
60
62
