89
91
94
97
99
102
104
107
109
112
114
116
119
121
123
125
127
129
131
133
135
137
138
140
141
143
145
146
147
149
150
151
152
153
154
155
156
157
158
159
159
160
160
161
161
161
162
162
162
162
162
162
161
161
161
160
160
159
158
157
156
155
154
153
151
150
148
147
145
143
141
139
136
134
132
129
126
123
120
117
114
110
107
103
99
95
91
87
83
79
74
70
65
60
56
51
46
41
36
31
27
22
17
11
6
1
0
0
0
0
1
1
2
3
3
4
5
5
6
7
8
8
9
10
11
12
13
14
15
16
18
19
20
21
22
24
25
26
28
29
31
32
34
35
36
38
40
41
42
44
45
47
49
50
52
53
55
56
58
59
61
62
64
65
67
68
69
71
72
74
75
76
78
79
80
81
83
84
85
86
87
88
89
90
91
91
92
93
93
94
95
95
96
96
96
96
97
97
97
97
97
97
97
97
96
96
96
95
95
94
93
93
92
91
90
89
88
87
86
85
83
82
81
79
78
76
75
73
71
69
67
65
63
61
59
57
55
53
50
48
45
43
41
38
36
33
30
28
25
22
20
17
15
12
9
7
4
1
0
0
0
0
1
1
2
2
3
4
5
5
6
7
8
9
10
11
13
14
15
16
18
19
21
22
24
25
27
29
30
32
34
35
37
39
41
43
45
46
48
50
52
54
56
58
59
61
63
65
67
68
70
72
73
75
77
78
79
81
82
83
85
86
87
88
89
89
90
90
91
91
91
92
91
91
91
90
90
89
88
86
85
83
82
80
77
75
72
70
67
64
61
57
54
50
46
43
39
35
31
27
22
18
14
9
5
1
0
0
0
0
1
2
2
2
3
3
4
4
5
5
5
6
6
6
7
7
8
8
9
10
10
11
12
13
14
15
16
17
18
20
21
23
24
26
28
30
32
33
35
38
40
42
44
47
49
52
54
57
60
62
65
68
70
73
76
78
81
84
86
89
92
94
97
99
102
105
107
109
112
114
116
119
121
123
125
127
129
132
133
135
137
139
141
143
144
146
148
149
151
152
153
155
156
157
159
160
161
162
163
164
165
166
166
167
168
169
169
170
170
171
171
171
172
172
172
172
172
172
172
172
172
172
172
171
171
170
170
169
169
168
167
166
165
164
163
161
160
159
157
155
154
152
150
148
145
143
141
138
135
132
129
126
123
120
116
113
109
105
101
97
92
88
84
79
75
70
65
60
55
50
45
39
34
29
24
18
13
8
2
0
0
0
0
1
2
3
3
4
5
6
7
8
8
9
11
12
13
14
15
17
18
19
21
22
24
25
27
29
31
32
34
36
38
40
42
44
46
48
50
52
54
56
58
60
62
64
67
69
71
73
75
78
80
82
84
87
89
91
93
95
98
100
102
105
107
109
111
114
116
118
121
123
125
127
129
131
133
136
138
139
142
143
145
147
149
150
152
154
155
157
158
160
161
162
164
165
166
167
168
169
170
171
172
172
173
174
174
175
175
175
175
175
175
175
175
175
174
174
173
172
172
171
169
168
167
165
164
162
160
158
156
154
151
149
146
143
140
136
133
129
126
122
118
113
109
104
99
94
89
84
79
73
67
62
56
50
44
38
32
25
19
13
6
1
0
0
0
0
1
2
3
3
4
5
6
7
7
8
9
10
11
12
13
14
15
16
17
18
20
21
22
24
25
26
28
29
31
32
34
36
37
39
41
43
44
46
48
50
52
53
55
57
59
61
63
65
67
69
71
73
75
77
79
81
83
85
87
88
90
92
94
96
98
99
101
103
105
106
108
110
111
112
114
115
117
118
119
120
121
122
123
124
125
126
126
127
127
128
128
128
129
129
129
129
129
129
129
128
128
128
127
127
126
125
124
124
123
122
120
119
118
117
115
114
112
111
109
107
105
103
101
98
96
93
91
88
85
82
79
76
73
69
66
62
59
55
51
47
43
39
35
31
26
22
18
13
8
4
0
0
0
0
0
1
2
2
3
3
4
5
5
6
6
7
8
9
10
11
12
13
14
15
17
18
19
21
23
24
26
28
30
32
34
36
38
41
43
45
48
50
53
56
58
61
64
66
69
72
75
78
81
84
86
89
92
95
98
100
103
106
109
111
114
117
119
122
124
126
129
131
133
135
137
139
141
143
144
146
147
149
150
151
152
153
153
154
155
155
155
155
155
155
155
154
154
153
152
151
150
148
147
145
143
141
139
137
134
132
129
126
123
120
117
114
110
107
103
99
95
91
87
82
78
73
68
64
59
54
49
44
39
34
28
23
18
12
7
1
0
0
0
0
1
2
3
3
4
5
6
7
8
9
10
12
13
14
16
17
19
20
22
24
26
28
30
32
34
36
38
40
42
44
47
49
51
54
56
58
61
63
65
68
70
72
75
77
79
81
83
85
87
89
91
93
94
96
97
98
100
101
102
103
104
104
104
105
105
105
104
104
103
102
101
100
98
97
95
93
90
88
85
82
79
75
71
67
63
59
55
50
46
41
37
32
27
22
17
11
6
1
0
0
0
0
1
2
3
3
3
4
5
5
6
6
7
8
9
9
10
11
12
13
14
15
17
18
19
20
22
23
25
26
28
30
31
33
35
37
39
41
43
45
47
50
52
54
57
59
61
64
66
69
71
74
76
79
81
84
86
89
91
93
96
98
101
103
106
108
111
113
116
118
120
122
125
127
129
131
133
135
137
139
140
142
144
145
147
148
150
151
152
154
155
156
157
158
159
159
160
161
161
162
162
162
163
163
163
163
163
162
162
162
161
161
160
160
159
158
157
156
155
153
152
150
149
147
145
143
141
138
136
133
130
127
124
121
118
114
110
107
103
98
94
90
85
81
76
71
66
61
56
51
46
40
35
30
24
19
13
8
2
0
0
0
0
1
2
3
4
4
5
7
8
9
10
11
13
14
16
18
19
21
23
25
27
29
31
33
35
37
40
42
44
47
49
51
54
56
59
61
64
67
69
72
74
77
79
82
84
87
89
92
94
97
99
102
104
106
109
111
113
115
118
120
122
124
126
128
130
132
134
136
137
139
141
142
144
146
147
148
150
151
152
154
155
156
157
158
159
160
160
161
162
162
163
164
164
164
165
165
165
165
166
166
166
166
166
166
166
165
165
165
164
164
164
163
163
162
162
161
160
160
159
158
157
156
155
154
153
151
150
148
147
145
143
141
139
137
135
132
130
127
124
121
118
114
111
107
103
99
94
90
85
80
75
70
65
59
54
48
42
37
31
25
19
13
7
1
0
0
0
0
1
1
2
2
3
4
4
5
6
6
7
8
8
9
10
11
12
13
15
16
17
18
20
21
22
24
25
27
29
30
32
34
36
38
39
41
43
45
47
49
51
53
56
58
60
62
64
66
68
70
72
74
76
78
80
81
83
85
87
88
90
92
93
95
97
98
100
101
103
104
105
107
108
109
110
111
113
114
115
116
117
118
119
120
120
121
122
123
123
124
125
125
126
126
127
127
127
128
128
128
128
128
128
128
127
127
127
126
125
125
124
123
122
120
119
118
116
114
113
111
108
106
104
101
98
96
93
90
87
83
80
77
73
69
65
62
58
54
50
46
42
37
33
29
25
21
17
13
9
4
1
0
0
0
0
1
2
3
4
5
6
7
9
10
11
13
15
17
18
20
22
24
26
29
31
33
35
38
40
43
45
48
50
53
56
58
61
64
66
69
71
74
77
79
82
84
86
89
91
93
96
98
100
102
104
106
107
109
110
112
113
114
115
116
117
117
118
118
118
118
118
117
117
116
115
114
113
111
109
107
105
103
100
98
95
92
88
85
81
77
73
69
65
60
56
51
46
42
37
32
27
22
17
12
7
2
0
0
0
0
1
1
2
3
4
5
6
7
8
9
10
11
13
14
16
18
19
21
23
25
27
29
31
33
35
38
40
42
45
47
50
52
55
57
60
62
65
68
70
73
76
78
81
83
86
88
91
93
96
98
101
103
105
108
110
112
115
117
119
121
123
125
127
129
131
133
135
137
139
141
142
144
146
147
149
150
152
153
155
156
157
158
160
161
162
163
164
164
165
166
167
167
168
168
169
169
169
170
170
170
170
170
170
170
170
169
169
168
168
167
167
166
165
164
163
162
161
160
158
157
155
153
152
150
148
146
143
141
139
136
133
131
128
125
122
118
115
112
108
104
100
96
92
88
84
80
75
71
66
61
57
52
47
42
37
32
27
22
17
12
7
1
0
0
0
0
1
2
3
3
4
5
6
7
8
9
11
12
13
15
16
17
19
21
22
24
26
28
30
31
33
36
38
40
42
44
46
49
51
53
56
58
60
63
65
67
70
72
75
77
80
82
84
87
89
91
94
96
98
100
102
105
107
109
111
113
115
117
119
121
123
125
127
129
131
132
134
136
137
139
140
142
143
145
146
148
149
150
151
152
153
154
155
156
157
158
159
159
160
160
161
161
162
162
162
162
162
162
162
162
162
161
161
160
160
159
158
157
156
155
154
152
151
149
148
146
144
142
140
138
136
133
131
128
125
122
119
116
113
110
107
103
100
96
92
88
84
80
76
72
68
63
59
54
50
45
41
36
31
26
22
17
12
7
2
0
0
0
0
1
1
3
3
4
5
6
7
8
9
10
11
12
13
15
16
17
19
20
22
23
25
27
29
30
32
34
36
38
40
42
44
46
49
51
53
56
58
60
63
65
68
70
73
75
78
81
83
86
88
91
93
96
98
101
103
106
108
110
113
115
117
119
121
124
126
128
130
131
133
135
137
138
140
141
143
144
146
147
148
149
150
151
152
153
153
154
155
155
156
156
156
157
157
157
157
157
156
156
156
155
155
154
153
152
152
151
150
148
147
146
145
143
142
140
138
136
134
132
130
128
126
123
121
118
115
112
109
106
103
100
97
93
90
86
82
79
75
71
67
63
58
54
50
45
41
37
32
27
23
18
14
9
4
0
0
0
0
0
1
2
2
3
3
4
5
6
6
7
8
9
10
10
11
13
14
15
16
17
19
20
22
23
25
27
28
30
32
34
36
38
40
42
44
47
49
51
54
56
58
61
64
66
69
71
74
76
79
82
84
87
89
91
94
96
99
101
103
106
108
110
112
114
117
119
121
122
124
126
128
130
131
133
134
136
137
138
140
141
142
143
144
145
145
146
147
147
148
148
148
148
149
149
148
148
148
148
147
147
146
145
144
143
142
141
139
138
136
134
132
130
128
125
123
120
117
114
111
108
104
101
97
93
89
85
81
77
72
68
63
58
53
49
44
39
34
29
24
19
13
8
3
0
0
0
0
0
1
2
3
3
4
5
6
7
8
9
10
12
13
15
16
18
19
21
23
25
27
29
31
33
35
37
40
42
44
47
49
52
54
57
59
62
65
67
70
73
75
78
80
83
86
88
91
93
96
98
100
102
105
107
109
110
112
114
115
116
117
118
119
119
120
120
119
118
118
116
115
113
110
108
105
102
98
94
90
86
81
76
71
66
60
55
49
43
37
31
25
18
12
6
0
0
0
0
0
1
2
3
3
4
5
6
7
7
8
9
10
11
12
13
14
16
17
18
19
21
22
24
25
27
28
30
32
33
35
37
39
41
43
45
46
48
50
52
54
56
58
60
62
64
66
68
70
72
74
76
78
79
81
83
84
86
87
89
90
92
93
94
95
96
97
98
99
100
101
102
102
103
104
104
105
105
105
106
106
106
106
106
106
106
106
106
106
106
105
105
105
104
104
104
103
103
102
102
101
101
100
100
99
98
98
97
96
96
95
94
94
93
93
92
91
91
90
89
89
88
88
87
86
86
85
85
84
84
83
82
82
81
81
80
80
79
79
78
78
77
77
76
76
75
75
74
74
73
73
72
71
71
70
70
69
68
68
67
66
66
65
64
64
63
62
62
61
60
59
59
58
57
57
56
56
55
55
54
54
53
53
53
53
53
53
54
54
54
55
56
57
58
59
60
62
63
65
67
68
71
73
75
77
80
82
85
88
90
93
96
99
102
104
107
110
113
116
119
122
125
128
130
133
136
138
141
144
146
149
151
154
156
158
161
163
165
167
169
171
173
174
176
178
180
181
183
184
185
186
187
188
189
190
190
191
192
192
192
193
193
193
193
192
192
192
191
191
190
189
188
187
186
185
184
182
181
179
177
175
173
170
168
165
162
159
156
153
149
146
142
138
134
130
126
121
117
112
107
102
97
91
86
81
75
69
64
58
52
46
40
34
28
22
16
9
3
0
0
0
0
1
2
3
3
4
4
6
6
7
8
9
10
11
12
13
14
16
17
18
19
21
22
24
25
27
29
30
32
34
36
38
40
42
44
47
49
51
54
56
58
61
64
66
69
71
74
76
79
81
84
86
89
91
94
96
98
101
103
105
107
110
112
114
115
117
119
121
123
124
126
127
129
130
131
132
133
134
135
136
137
137
138
138
139
139
139
139
139
139
139
139
139
139
138
138
137
137
136
135
135
134
133
132
131
130
128
127
126
124
123
121
119
117
116
114
112
110
107
105
102
100
97
94
92
89
86
83
79
76
73
69
65
62
58
54
50
46
42
38
34
30
26
22
18
14
10
6
2
0
0
0
0
1
1
2
3
4
6
7
9
10
12
14
16
18
21
23
25
28
31
33
36
39
42
45
48
51
54
57
60
64
67
70
73
77
80
83
86
89
92
95
98
101
104
107
109
112
114
117
119
121
123
125
127
128
129
130
131
132
133
133
133
133
132
132
131
130
128
126
124
122
120
117
114
111
108
104
100
96
92
88
84
79
74
70
65
60
54
49
44
39
33
28
22
17
11
6
1
0
0
0
0
1
2
3
3
4
5
6
7
8
9
10
11
13
14
15
17
18
20
21
23
24
26
28
30
32
34
36
38
40
43
45
48
50
53
55
58
61
64
66
69
72
75
78
81
84
87
90
93
96
98
101
104
107
110
113
115
118
120
123
126
128
130
133
135
137
139
142
144
146
148
149
151
153
155
156
158
159
161
162
163
165
166
167
168
169
170
171
172
173
173
174
175
175
176
176
177
177
177
178
178
178
178
178
178
178
178
177
177
177
176
176
175
175
174
173
172
171
170
169
168
167
165
164
162
160
158
156
154
151
149
146
143
140
137
134
130
127
123
119
115
110
106
101
96
91
86
81
75
70
64
58
52
46
40
34
28
21
15
9
2
0
0
0
0
1
2
3
3
4
5
6
7
7
8
9
10
11
12
13
14
15
16
18
19
20
22
23
25
27
29
31
32
35
37
39
41
44
46
49
51
54
57
60
63
65
68
72
75
78
81
84
87
90
93
96
99
102
105
108
111
114
117
120
122
125
128
130
133
136
138
141
143
145
148
150
152
154
156
158
160
162
164
166
167
169
170
172
173
175
176
177
179
180
181
181
182
183
183
184
184
185
185
185
185
185
185
185
185
185
185
185
184
184
184
183
183
182
181
180
179
178
177
175
174
172
170
168
166
164
161
159
157
154
151
148
145
142
139
135
132
128
124
120
116
111
107
102
97
93
88
83
78
72
67
61
56
50
45
39
33
27
21
16
9
3
0
0
0
0
1
1
2
3
3
4
5
6
7
7
8
9
10
11
12
13
15
16
18
19
20
22
24
25
27
29
31
33
35
37
40
42
44
47
49
52
54
57
60
63
65
68
71
74
77
80
83
86
88
91
94
97
100
103
105
108
111
114
116
119
122
124
127
130
132
135
137
139
142
144
146
148
150
152
154
156
158
160
162
163
165
166
168
169
171
172
173
174
176
177
178
179
179
180
181
182
182
183
183
183
183
184
184
184
184
184
183
183
183
183
182
182
181
181
180
179
178
177
176
175
174
172
171
169
168
166
164
162
160
158
156
154
151
149
146
144
141
138
135
132
129
126
122
119
115
112
108
104
100
96
92
88
83
79
74
70
65
60
55
50
45
40
35
30
25
20
15
10
5
0
0
0
0
0
1
2
3
3
4
5
6
7
7
8
9
11
12
13
14
16
17
18
20
21
23
25
27
29
31
33
35
37
40
42
45
47
50
53
56
59
62
65
68
72
75
78
82
85
89
92
96
100
103
107
111
114
118
122
125
129
132
136
139
143
146
150
153
156
160
163
166
169
172
175
178
181
183
185
187
189
191
193
195
197
198
200
201
202
203
204
205
205
206
206
206
206
205
205
204
204
203
202
200
199
197
196
194
192
190
188
186
184
182
180
178
175
172
169
166
163
160
156
153
150
147
143
140
136
133
129
125
121
117
113
109
105
101
97
92
88
84
79
75
70
65
60
55
50
45
40
35
30
24
19
14
8
3
0
0
0
0
1
1
2
3
3
4
5
6
7
8
9
11
13
14
16
17
19
21
23
26
28
30
33
36
38
41
44
47
50
53
56
59
63
66
69
73
76
79
83
86
89
92
95
98
101
104
107
110
112
115
118
120
122
124
126
128
129
130
132
133
133
134
134
134
133
132
131
130
128
125
123
120
117
113
109
104
99
94
89
83
77
71
64
57
50
43
35
28
20
12
5
0
0
1
1
2
3
5
7
8
9
11
13
14
16
17
19
21
23
25
27
29
32
34
36
39
41
44
47
49
52
55
58
60
63
66
69
72
75
78
81
84
86
89
92
94
97
100
102
105
107
109
112
114
116
118
120
122
124
125
127
128
130
131
133
134
135
136
138
139
140
141
142
143
144
145
146
147
147
148
149
150
151
151
152
153
154
154
155
156
156
157
158
158
159
160
160
161
161
162
162
163
163
163
164
164
164
164
165
165
165
165
165
165
165
165
164
164
164
163
163
163
162
161
161
160
159
158
157
156
154
153
151
150
148
146
144
142
140
138
135
132
129
126
123
120
116
113
109
105
101
96
92
88
83
78
73
68
63
58
53
48
43
37
32
27
21
16
11
5
1
0
0
0
0
1
2
3
3
4
5
6
7
8
10
11
12
14
16
17
19
21
22
24
26
28
31
33
35
37
40
42
45
47
50
52
55
57
60
63
66
68
71
74
77
79
82
85
87
90
93
95
98
100
103
105
108
110
112
115
117
119
121
124
126
128
130
132
134
135
137
139
141
142
144
145
147
148
149
151
152
153
154
155
156
157
158
159
159
160
161
161
161
162
162
162
163
163
163
163
163
162
162
162
162
161
161
161
160
160
159
159
158
158
157
156
155
155
154
153
152
151
150
149
148
147
146
145
144
142
141
140
138
137
135
134
132
130
128
126
124
122
120
118
115
113
110
107
104
101
98
95
92
88
85
81
77
74
70
65
61
57
53
49
45
40
36
31
27
22
18
13
8
4
0
0
0
0
1
1
2
2
2
3
3
4
5
5
6
6
7
8
8
9
10
11
12
13
14
16
17
18
19
21
23
24
26
28
30
32
34
36
38
41
43
45
48
50
53
55
58
60
63
65
68
70
73
76
78
81
83
86
88
90
92
95
97
99
101
104
106
108
110
111
113
115
117
118
120
121
123
124
125
126
127
128
129
130
131
132
132
133
133
134
134
134
134
134
134
134
134
134
134
133
133
132
132
131
130
129
129
128
127
126
124
123
122
121
119
118
116
114
113
111
109
107
105
103
101
98
96
93
91
88
85
83
80
77
74
71
68
64
61
58
54
51
47
44
40
36
33
29
25
22
18
14
10
7
3
0
0
0
0
1
1
2
2
2
3
4
5
5
6
7
8
9
10
11
12
14
15
17
18
20
21
23
25
27
29
31
33
36
38
40
43
46
48
51
53
56
59
62
64
67
70
73
76
78
81
84
86
89
91
94
96
98
101
103
105
107
109
111
113
115
117
118
120
121
122
123
124
125
126
126
127
127
127
126
126
125
124
123
122
120
118
116
114
111
109
106
102
98
95
91
86
82
78
73
68
63
57
52
47
41
36
30
24
19
13
7
2
0
0
1
1
1
3
4
4
5
6
7
9
10
11
13
14
16
17
19
21
23
25
27
29
32
34
36
39
41
44
47
50
52
55
58
61
64
67
70
73
76
79
82
85
88
90
93
96
99
102
104
107
110
112
115
117
119
122
124
126
128
130
132
134
136
138
139
141
142
144
145
147
148
149
151
152
153
154
155
156
157
158
159
159
160
161
161
162
162
163
163
164
164
164
165
165
165
165
165
165
165
165
165
164
164
164
163
163
162
161
160
160
159
158
156
155
154
152
151
149
148
146
144
142
139
137
134
132
129
126
123
120
117
113
110
106
102
98
94
90
86
82
77
73
68
64
59
54
49
44
39
34
29
24
19
14
9
4
0
0
1
1
1
2
3
4
4
5
6
7
8
8
9
11
12
13
14
15
17
18
20
21
23
25
27
29
31
33
35
38
40
43
45
48
50
53
56
59
61
64
67
70
73
76
79
82
85
88
91
94
97
100
103
106
109
112
115
118
120
123
126
129
131
134
137
139
142
144
147
149
151
154
156
159
161
163
165
167
169
171
173
175
177
178
180
181
182
183
184
185
186
186
187
188
188
189
189
189
190
190
190
189
189
189
188
188
187
186
185
184
183
182
180
178
176
174
172
169
166
163
160
157
154
150
146
143
139
135
131
126
122
117
112
108
103
97
92
87
81
76
70
64
58
52
46
40
34
28
22
16
10
4
0
0
0
0
1
1
2
2
3
3
4
5
5
6
6
7
8
8
9
10
11
12
13
14
16
17
18
20
21
23
25
27
29
31
33
35
38
40
43
46
48
51
54
57
60
64
67
70
74
77
80
84
87
90
94
97
101
104
108
111
114
118
121
124
127
131
134
137
140
143
146
149
151
154
157
159
162
164
167
169
171
174
176
178
180
182
183
185
186
187
189
190
191
192
193
193
194
195
195
196
196
196
196
196
196
196
195
195
194
193
193
192
191
190
189
187
186
185
184
182
180
178
176
174
171
169
166
163
161
158
155
151
148
145
141
137
134
130
126
121
117
113
108
103
98
93
88
83
78
73
67
62
56
51
45
39
33
28
22
16
10
4
0
0
0
0
0
1
2
2
3
3
4
5
6
6
7
8
9
9
10
11
13
14
15
16
18
19
21
22
24
26
28
30
32
34
36
38
41
43
46
48
51
54
56
59
62
65
68
71
74
78
81
84
87
91
94
98
101
105
108
112
115
119
122
126
130
133
137
140
144
147
151
154
158
161
165
168
172
175
178
182
185
187
190
193
196
198
201
204
207
209
212
214
216
218
220
222
224
226
227
229
230
232
233
234
235
236
237
238
238
239
239
240
240
240
240
240
240
239
239
238
237
236
235
234
232
231
229
227
225
222
220
217
214
211
208
204
200
196
191
187
183
179
173
167
162
156
150
145
139
132
126
119
113
106
99
92
85
77
70
62
55
47
39
32
24
17
9
1
0
0
0
1
1
3
4
5
5
7
8
9
10
11
12
14
15
16
18
19
21
23
25
26
29
31
33
35
37
40
42
45
47
50
53
55
58
61
64
67
70
73
76
78
81
84
86
89
91
93
96
97
99
101
102
104
105
105
106
106
106
105
104
103
102
100
98
95
92
89
85
81
77
72
67
62
56
50
44
38
32
25
19
12
6
0
0
